-9.4058,9.997,1
-7.9134,10.732,1
13.096,3.1969,1
3.332,7.5913,1
1.9043,10.976,1
-7.7298,11.432,1
13.993,0.5555,1
-5.1306,11.56,1
6.8046,12.491,1
3.0867,7.345,1
-8.2475,6.2975,1
6.9836,8.1127,1
-19.987,1.1316,1
12.776,6.3974,1
-9.6766,9.9445,1
-7.9081,13.73,1
-4.9972,9.5885,1
2.7503,9.3174,1
10.746,12.766,1
-10.6,3.881,1
9.4652,3.1402,1
-6.4652,10.026,1
11.82,3.1991,1
-7.7321,5.6994,1
-9.3836,9.3229,1
5.4858,3.8048,1
8.1054,0.54041,1
5.1064,0.19844,1
8.1582,6.8727,1
-8.904,2.4088,1
-4.0061,7.2393,1
-6.2976,7.8662,1
-5.3273,8.1864,1
-1.0424,13.127,1
-3.1101,8.3463,1
6.65,11.669,1
-0.49102,11.857,1
8.5114,2.3691,1
14.787,0.55822,1
-0.76226,11.636,1
-9.131,6.4031,1
-5.4201,12.454,1
10.942,4.1109,1
5.161,14.888,1
5.0606,7.0631,1
-10.633,9.0412,1
-11.299,1.167,1
6.2425,2.9011,1
8.3313,9.5013,1
-9.2626,2.3247,1
-8.0396,6.7018,1
-7.1996,11.314,1
-9.9895,2.178,1
6.9653,6.5324,1
-7.4263,6.5853,1
8.6557,6.3262,1
10.84,1.5392,1
0.23933,6.1476,1
5.1933,9.5006,1
3.5397,12.221,1
8.9197,13.764,1
-4.9377,4.4886,1
4.6784,10.33,1
1.1602,7.7726,1
-11.551,2.0259,1
14.502,5.769,1
4.8929,10.213,1
3.6775,9.1205,1
10.174,6.53,1
-8.9029,10.597,1
-4.7577,13.551,1
-10.943,0.11912,1
-1.6485,13.513,1
-5.2509,10.524,1
-11.85,3.0893,1
-4.4507,5.0173,1
-3.1546,10.792,1
1.2419,10.766,1
3.8707,6.1211,1
-1.4537,13.668,1
8.1635,3.4972,1
3.8698,5.6316,1
-5.0152,12.416,1
10.226,5.7711,1
11.695,8.1788,1
-5.7259,1.8912,1
-7.9228,5.3221,1
-9.0992,9.213,1
7.2322,0.28746,1
-5.4962,0.15384,1
-3.1794,8.299,1
-2.559,10.012,1
-2.7524,10.651,1
-3.2403,8.4653,1
-4.567,9.0087,1
11.648,6.3276,1
9.0402,6.988,1
6.8032,7.8727,1
-6.9888,9.2265,1
10.121,9.1261,1
5.283,9.2798,1
-0.75892,10.95,1
7.2312,0.90813,1
0.34777,14.136,1
-8.233,2.5105,1
11.599,7.1617,1
-8.972,3.8945,1
-3.2331,3.925,1
-7.336,13.914,1
-12.889,1.9663,1
7.0618,7.1059,1
8.7493,8.7693,1
-3.6194,12.294,1
4.5868,11.344,1
-12.571,3.8226,1
5.8265,2.5139,1
3.0532,7.1635,1
-4.7091,7.2414,1
11.682,4.57,1
-2.5371,6.4749,1
-12.435,0.16265,1
5.6617,9.0829,1
11.46,8.821,1
9.4471,5.9219,1
12.444,2.7942,1
-5.9668,9.7488,1
-10.497,2.2727,1
-11.428,7.3166,1
-2.2972,8.6261,1
-2.6069,12.592,1
-10.499,6.994,1
8.7351,6.7351,1
7.1817,4.7226,1
6.3265,10.898,1
-0.6946,13.852,1
3.3477,8.2388,1
-7.1735,11.798,1
4.2342,6.8975,1
-6.8269,13.742,1
-4.415,10.61,1
-10.505,5.9756,1
-4.3954,8.7614,1
7.7869,5.7234,1
-11.594,3.4443,1
-8.2969,2.2168,1
-1.2063,13.318,1
-9.9879,0.5662,1
11.981,3.2066,1
12.336,1.7828,1
-7.6387,2.2071,1
-1.4775,6.7283,1
1.7281,9.2458,1
3.17,8.6396,1
2.6633,12.997,1
10.163,0.58615,1
-1.4408,10.801,1
0.71994,9.4985,1
4.6787,7.3609,1
0.32253,6.7837,1
2.4856,3.7708,1
12.452,3.2059,1
-7.0442,5.896,1
3.1277,6.6899,1
-6.9267,7.0157,1
-8.0197,3.555,1
6.8955,11.721,1
-5.2716,10.326,1
12.781,2.3353,1
9.6173,1.0676,1
0.97542,10.576,1
-3.8,8.4484,1
8.3771,2.6708,1
-9.2674,9.55,1
-5.933,4.8435,1
-5.0424,10.848,1
3.2461,11.734,1
-12.555,7.0313,1
6.6644,7.6042,1
-11.944,0.0094104,1
4.9848,6.457,1
-10.605,3.3952,1
-4.9377,5.9234,1
8.7986,6.0637,1
1.0979,12.739,1
-3.5407,3.4799,1
-3.3999,3.4212,1
-4.6158,2.8178,1
1.6415,15.715,1
1.8336,14.39,1
6.2881,8.2179,1
6.4847,1.9722,1
0.42225,7.4704,1
-7.6724,0.88857,1
3.0208,7.2205,1
2.5618,12.762,1
3.1669,4.2822,1
2.486,14.28,1
5.9832,8.6324,1
7.898,9.3399,1
-0.12168,7.4715,1
-9.5032,1.2113,1
7.6422,7.1824,1
-6.0326,7.4959,1
0.12817,5.0698,1
11.791,0.43452,1
-7.2499,8.3936,1
-7.3966,6.0444,1
-17.063,4.5286,1
-13.946,2.4727,1
12.178,1.7001,1
-1.9305,12.176,1
9.3849,10.766,1
7.8081,9.9019,1
12.921,3.3191,1
5.9697,12.578,1
-4.5258,7.1095,1
-9.6344,4.4996,1
-5.7122,3.2757,1
4.7747,6.3831,1
-10.969,7.1458,1
-5.3658,8.8615,1
11.15,1.9714,1
-8.6184,8.365,1
10.405,0.67614,1
-5.316,13.953,1
-3.0704,12.174,1
10.07,13.276,1
12.538,2.7737,1
5.3606,12.064,1
4.9037,8.8445,1
5.516,7.0836,1
0.67787,13.359,1
11.333,3.5699,1
-13.125,4.3578,1
5.1544,10.822,1
-7.6158,10.372,1
1.3848,10.676,1
3.0539,8.4293,1
-8.4576,6.1332,1
-1.9236,10.817,1
-3.6233,11.28,1
-10.412,8.9355,1
4.9383,9.9625,1
-13.716,1.6046,1
-1.3059,11.476,1
10.282,4.4246,1
7.5327,5.6518,1
9.2957,6.5022,1
-12.583,8.6966,1
-7.0276,1.2017,1
8.5052,7.7164,1
-0.28445,5.2343,1
-3.1232,7.9373,1
9.6437,5.2067,1
-1.508,12.706,1
-11.838,4.1063,1
0.64798,6.9927,1
2.3222,11.97,1
-6.983,5.1446,1
-6.1616,9.411,1
-5.0104,9.4876,1
-1.1539,12.562,1
11.879,3.1976,1
-5.9791,11.452,1
5.9664,9.9236,1
7.0179,11.663,1
8.0142,6.0641,1
-9.8979,4.7884,1
11.187,5.8433,1
4.897,13.13,1
-6.0143,4.694,1
-0.93449,11.728,1
-8.7953,0.20055,1
-14.235,4.7795,1
-7.585,13.304,1
9.3275,1.826,1
-9.0673,4.9312,1
-4.4681,10.483,1
8.8139,0.58973,1
8.3844,12.228,1
-10.661,4.0811,1
-7.5071,5.827,1
1.2116,9.0575,1
-7.6576,4.9588,1
4.079,7.6677,1
-2.447,8.2974,1
-5.2199,12.55,1
-6.2633,7.2575,1
-12.204,0.36513,1
8.4507,3.4875,1
3.9098,7.6214,1
-8.5832,0.028493,1
-12.058,2.2028,1
8.1348,8.6215,1
-4.7795,8.8056,1
-2.1759,11.762,1
-0.24175,15.899,1
-2.7019,10.264,1
-6.9727,1.4801,1
3.5093,16.921,1
-0.68495,10.492,1
2.4843,6.7302,1
8.3363,10.436,1
-1.3494,11.033,1
2.3016,12.404,1
8.2713,6.0315,1
9.6199,9.9064,1
-13.23,6.4285,1
0.20114,8.4385,1
2.705,7.3551,1
9.9725,5.2419,1
6.0699,13.856,1
-11.195,4.3382,1
-4.8372,15.358,1
-14.358,3.4978,1
-3.9362,7.7397,1
-11.466,5.9948,1
12.019,4.3442,1
10.464,3.0543,1
4.5176,14.209,1
11.241,7.1255,1
7.1853,7.7348,1
8.7502,5.5817,1
-9.6718,1.1484,1
9.5377,5.0587,1
8.3135,7.7845,1
1.0914,7.3827,1
-8.7741,11.017,1
-2.7861,11.578,1
10.858,7.4876,1
8.6891,0.26714,1
-4.8438,3.216,1
-3.7654,6.7557,1
8.6166,6.6229,1
13.854,2.7033,1
0.92744,8.3771,1
-11.692,10.509,1
-0.33535,11.744,1
6.5323,7.6962,1
-11.897,8.0017,1
6.1465,8.0193,1
-5.5459,11.889,1
3.5674,8.4732,1
-5.4832,11.681,1
-3.3763,6.6807,1
-3.9667,10.599,1
-0.3126,10.047,1
8.8046,2.3225,1
-1.4673,11.54,1
-5.8923,8.1345,1
9.0635,1.7987,1
6.3495,5.4268,1
8.5833,3.1187,1
-14.482,6.1221,1
-5.0325,8.8027,1
-1.9292,9.7653,1
6.9674,8.9187,1
-3.4448,15.582,1
-6.939,7.3756,1
1.074,15.539,1
0.88871,10.656,1
-4.4605,3.2008,1
9.6225,5.5246,1
7.8809,0.88182,1
-8.1151,10.24,1
2.8192,10.156,1
-6.4843,2.6549,1
-10.527,2.9643,1
-7.4958,3.6648,1
3.9082,11.183,1
5.5316,7.0983,1
1.8598,13.836,1
-9.7405,14.629,1
15.073,0.85222,1
5.0397,13.162,1
-0.27986,12.978,1
-2.411,6.7848,1
-1.1483,6.9152,1
-7.8205,5.0704,1
-4.1335,7.5262,1
-8.4274,7.62,1
-6.1765,6.529,1
1.1492,9.7547,1
8.9904,3.7203,1
-6.7868,6.0488,1
5.8429,6.6924,1
-6.93,5.8567,1
3.4316,14.01,1
-9.4198,9.8176,1
7.3047,5.914,1
5.8055,7.6837,1
6.4656,2.0521,1
-6.2103,3.3194,1
7.8408,0.059083,1
5.5144,8.002,1
-5.1258,11.066,1
0.77737,8.7115,1
-6.6227,9.3833,1
-12.806,4.0284,1
1.7961,8.8927,1
12.279,0.83768,1
-5.1163,14.653,1
-4.7918,6.0681,1
2.069,9.6787,1
10.031,2.8108,1
-12.06,10.71,1
11.611,3.3226,1
-3.6924,15.863,1
8.2978,11.562,1
5.2267,7.5694,1
-2.3668,6.9697,1
7.2925,7.6934,1
4.9994,10.621,1
6.7845,1.7873,1
8.4633,2.118,1
1.7288,14.567,1
11.263,4.7496,1
-8.8217,10.651,1
5.7523,8.3801,1
3.0391,7.6283,1
7.8624,8.7239,1
13.713,7.3168,1
10.598,6.8399,1
-12.81,2.0841,1
1.5466,14.073,1
-5.2149,8.3593,1
-6.4441,13.172,1
-10.55,8.3731,1
0.7506,13.36,1
3.9284,1.6816,1
11.324,0.60978,1
-9.8401,0.3734,1
-12.625,2.6753,1
8.2381,1.8075,1
-5.9556,10.194,1
1.697,8.4705,1
2.5863,17.304,1
-10.685,5.0043,1
-1.3469,11.049,1
6.9236,12.638,1
10.64,5.6279,1
8.9588,11.592,1
-0.035794,10.773,1
13.739,3.744,1
3.8991,12.292,1
13.602,1.7395,1
5.4252,12.889,1
6.3939,8.8865,1
4.3506,13.518,1
-12.019,2.4288,1
6.8642,8.157,1
2.2344,4.2045,1
-1.4098,11.07,1
-0.049355,11.339,1
8.9938,5.099,1
-15.481,3.3519,1
10.229,0.77706,1
1.8257,4.5041,1
5.3775,15.574,1
7.7153,3.2672,1
6.9145,11.521,1
-9.0182,7.0374,1
-10.833,8.9175,1
-8.2049,6.2187,1
-7.4905,10.445,1
-3.6273,7.9239,1
13.773,3.3153,1
4.0791,3.8223,1
3.1969,10.845,1
-2.0682,14.708,1
-5.6528,7.1607,1
-3.3891,9.8121,1
2.2697,6.7419,1
-14.166,0.39022,1
-12.677,1.167,1
0.72642,8.4172,1
7.8707,13.251,1
3.7081,3.3205,1
5.2977,11.645,1
7.8834,9.2171,1
-5.8056,10.117,1
-4.9639,9.4784,1
10.114,4.9638,1
5.3539,12.874,1
-3.8689,10.694,1
-3.343,5.1542,1
2.2973,14.526,1
8.8721,1.8376,1
-13.669,0.41124,1
2.3967,7.8431,1
10.123,6.9637,1
-10.926,0.67399,1
-8.4471,0.60495,1
12.376,2.5443,1
1.3431,14.306,1
2.2998,6.5923,1
-9.6552,0.015575,1
9.0599,2.0631,1
-11.661,6.1722,1
6.2913,4.8701,1
0.768,7.3857,1
6.6574,15.19,1
-5.9374,9.1384,1
9.0832,1.0015,1
9.2601,7.0557,1
7.8952,5.0407,1
-7.4803,7.7686,1
-7.3077,10.886,1
0.5038,8.304,1
-7.1351,3.3527,1
8.6914,2.1276,1
-0.30634,12.969,1
8.9989,3.7944,1
9.5454,4.3508,1
-11.814,4.1285,1
-7.3433,1.5213,1
8.6758,11.545,1
-12.16,0.55477,1
4.3165,14.561,1
-9.3605,2.1536,1
-2.1487,13.697,1
-0.27084,6.187,1
5.6211,11.594,1
-10.269,1.4317,1
-11.105,9.613,1
-7.0593,6.5398,1
-10.045,5.5006,1
-6.3488,13.693,1
7.707,8.595,1
8.2435,3.8894,1
-8.7972,3.2852,1
12.332,2.4786,1
2.572,11.433,1
-9.0121,9.3928,1
-9.7177,4.213,1
-2.7659,4.2085,1
-5.0981,6.1821,1
-10.506,10.363,1
10.621,2.329,1
11.904,2.5823,1
-2.6771,9.2036,1
6.8267,10.361,1
-11.966,0.84615,1
-4.0209,8.7882,1
8.8719,3.4904,1
-8.8897,6.6552,1
7.3868,7.6709,1
-11.873,3.0373,1
4.8762,15.345,1
5.8121,9.9535,1
10.28,0.054883,1
-2.9644,7.672,1
1.7274,10.258,1
2.2092,12.35,1
6.4545,5.0548,1
-10.28,4.7623,1
-3.0918,12.74,1
-0.82159,13.221,1
8.2651,5.7993,1
6.673,5.2,1
5.5946,6.1009,1
-11.152,6.3297,1
11.956,1.5936,1
9.2273,5.3146,1
-7.0933,13.701,1
13.534,7.1063,1
-4.1972,0.11628,1
-6.2967,7.638,1
14.346,3.4209,1
-1.7514,9.1446,1
4.3157,10.197,1
-7.8011,5.2555,1
5.3838,7.6714,1
-10.465,0.67864,1
-3.9532,6.6026,1
-8.7684,2.8836,1
5.1895,11.666,1
12.644,3.269,1
-3.7948,5.2471,1
8.0641,8.4293,1
-8.5617,7.8059,1
-9.0555,8.0512,1
8.2712,2.3024,1
-10.659,2.9986,1
12.24,3.4011,1
7.0916,7.1014,1
9.8937,8.5993,1
5.8699,10.99,1
8.2136,1.6474,1
-2.1336,7.8062,1
3.5642,10.792,1
10.074,3.9913,1
-5.4912,10,1
-4.8003,8.0583,1
2.5621,10.934,1
5.362,6.3633,1
-3.5342,5.4653,1
11.112,1.9724,1
8.9392,11.409,1
-9.8687,5.1278,1
-1.3387,14.618,1
-9.0866,3.4012,1
-4.0986,7.3249,1
5.5775,11.37,1
-9.0248,2.4599,1
-4.7352,9.1944,1
-9.9424,6.1998,1
4.6438,10.243,1
1.123,9.5294,1
-6.5749,10.996,1
2.0066,10.903,1
8.6684,3.6877,1
8.1636,7.7922,1
9.8614,11.731,1
4.1802,4.6329,1
-6.1447,10.524,1
14.492,3.7053,1
5.0866,7.6196,1
4.506,12.072,1
-7.0389,10.959,1
7.2473,7.6363,1
6.6384,10.067,1
-10.996,4.1729,1
-7.2737,9.9094,1
-7.9779,9.1735,1
-8.2547,3.4149,1
-10.166,7.9536,1
-9.8395,3.7971,1
11.601,7.6072,1
6.7888,9.8138,1
-7.5298,2.7749,1
4.9037,0.21421,1
3.7314,15.532,1
5.7448,6.1002,1
0.33407,9.4383,1
9.1853,5.1793,1
0.55197,11.428,1
4.9947,16.052,1
0.46456,9.4782,1
-6.5533,7.7439,1
-0.38632,11.338,1
10.412,1.1254,1
-3.9763,8.33,1
0.46038,13.535,1
-7.8335,5.3161,1
8.1653,3.7931,1
14.997,10.755,1
-8.3537,2.9757,1
7.2734,7.739,1
-5.5552,7.4405,1
-11.182,6.4047,1
-6.5811,5.9081,1
-5.1794,4.5865,1
6.1666,13.021,1
2.8432,11.615,1
-9.2792,6.6025,1
7.0588,7.1227,1
-8.6494,7.3846,1
1.0306,11.567,1
11.365,1.8778,1
-7.7781,8.415,1
-3.0845,10.119,1
-8.4057,9.3596,1
-11.585,3.3438,1
8.6318,6.4274,1
-7.3326,12.005,1
6.1916,11.908,1
14.116,2.4677,1
-9.516,5.0794,1
4.7302,14.523,1
0.4966,10.8,1
5.1158,12.049,1
12.127,0.85633,1
-11.699,10.379,1
9.4192,7.9218,1
-5.8548,7.8035,1
14.781,3.3496,1
-7.2263,7.2632,1
-1.0926,13.704,1
8.6767,1.2967,1
0.97325,8.3368,1
-0.47061,7.8864,1
-3.0376,6.2346,1
-7.8197,2.859,1
8.2657,7.5172,1
8.8349,1.6023,1
7.5267,6.0424,1
9.3647,4.5932,1
1.4437,9.497,1
7.1838,4.7798,1
10.099,8.1354,1
8.5638,9.0254,1
-10.281,6.3491,1
-0.38668,4.2153,1
-8.032,1.6945,1
-4.6198,3.5332,1
6.9923,7.0173,1
-1.5207,7.2184,1
-6.1079,6.4894,1
5.4023,12.223,1
2.6575,4.7645,1
-10.238,0.42395,1
7.7995,11.873,1
4.284,5.5871,1
8.7839,8.218,1
9.0621,7.2783,1
0.46457,11.108,1
0.87846,10.409,1
8.9884,3.0934,1
-1.9521,7.2686,1
-1.7726,13.407,1
-9.2242,0.87465,1
2.4398,12.484,1
-11.108,1.9669,1
2.473,11.567,1
-9.0181,1.8325,1
5.1076,12.812,1
8.4325,8.6695,1
-5.5623,5.0302,1
3.5913,7.9681,1
4.8431,7.0543,1
8.2235,4.1691,1
-9.4871,7.4417,1
-1.6726,7.2214,1
10.017,3.0562,1
-4.7952,12.101,1
-6.2815,10.732,1
-10.043,10.26,1
5.4144,11.025,1
-7.8507,0.87695,1
-8.9686,6.6284,1
-7.5528,2.3572,1
-6.6023,10.232,1
12.455,1.6088,1
8.8428,9.1468,1
-10.678,7.5124,1
-8.5796,1.2498,1
9.146,6.3837,1
1.8948,9.4579,1
-11.046,10.503,1
-10.164,1.5541,1
7.0724,9.8502,1
-3.5661,6.2151,1
-5.0548,9.0735,1
6.8757,9.0405,1
7.2748,6.0027,1
-4.0483,7.635,1
-1.6979,11.157,1
10.885,2.0734,1
-12.074,6.4473,1
-6.5449,4.9592,1
-5.9267,7.7918,1
0.66507,9.8658,1
10.379,0.57658,1
7.6179,10.242,1
4.7213,11.214,1
-7.6974,3.1738,1
5.8728,4.1412,1
-3.0972,12.644,1
-7.0174,5.5962,1
-4.6524,9.7429,1
10.002,3.1437,1
6.8265,12.289,1
-5.9267,0.49309,1
8.361,3.6557,1
12.6,0.96876,1
8.7468,3.1518,1
-2.4037,8.4586,1
12.213,4.1509,1
13.737,1.3052,1
-12.477,6.8006,1
12.1,8.0602,1
-9.8473,7.6632,1
14.28,2.3369,1
4.7797,9.7324,1
8.8332,3.3352,1
11.276,3.9032,1
10.687,6.0529,1
-6.5397,1.1786,1
-5.9083,11.747,1
8.6545,6.5386,1
-10.457,2.6631,1
10.455,7.8999,1
-8.6368,5.4267,1
9.6185,5.229,1
-9.8827,8.3188,1
4.6258,9.9312,1
9.168,8.9374,1
3.4189,2.8675,1
9.0329,3.1069,1
-10.212,5.7015,1
6.7405,1.5147,1
3.087,11.581,1
1.8832,6.2065,1
14.813,7.1121,1
-2.3076,12.191,1
8.9543,2.5924,1
-2.3979,13.917,1
-0.33801,14.035,1
8.4354,5.7605,1
-4.6929,4.8455,1
-1.4972,13.428,1
4.7961,8.6195,1
-5.4479,0.30324,1
-3.5062,8.8622,1
9.8729,0.26576,1
-7.4257,7.7913,1
2.1757,14.275,1
-8.4867,7.5522,1
-10.199,4.6301,1
-4.894,5.6287,1
-1.8833,14.985,1
-5.6897,6.0773,1
-4.664,7.4599,1
-0.80481,9.6559,1
-6.3559,8.2224,1
4.928,11.177,1
-4.0276,10.676,1
2.6921,10.885,1
-9.9215,5.039,1
8.6677,6.1776,1
-5.6145,0.87371,1
3.1259,8.3547,1
8.8038,5.1652,1
7.4966,1.8384,1
11.128,3.4168,1
2.2708,4.9992,1
-2.395,14.441,1
11.076,0.22124,1
-6.026,11.775,1
6.4724,7.0477,1
-2.0551,13.965,1
5.6485,3.8762,1
4.9356,4.7428,1
11.338,7.8679,1
-6.5149,14.245,1
4.7368,0.5652,1
-11.029,8.1867,1
-11.863,2.8348,1
2.3963,12.907,1
-7.0363,5.838,1
12.408,6.5355,1
-8.0524,3.5176,1
-1.464,14.797,1
9.9471,2.2715,1
11.832,4.2239,1
-0.41556,10.132,1
13.351,3.529,1
4.2203,5.2794,1
13.151,4.0825,1
11.026,0.4529,1
-4.1479,6.9765,1
5.8798,5.0355,1
-12.756,2.6759,1
6.444,8.3296,1
-1.1096,8.8777,1
1.425,1.5777,1
4.1435,5.4843,1
-13.836,2.6073,1
13.744,5.6988,1
6.5073,11.838,1
1.7157,8.0997,1
-6.5151,8.1403,1
7.6711,6.7995,1
-8.7041,5.5587,1
2.3511,13.496,1
-6.2324,10.507,1
0.89022,6.4976,1
3.3999,6.2464,1
13.32,8.5226,1
3.7162,12.477,1
0.40568,10.768,1
-9.2565,9.6853,1
13.288,5.1236,1
-9.0152,10.743,1
-13.725,8.5633,1
-10.398,9.0623,1
-9.0297,2.4775,1
0.0050266,5.0948,1
17.152,5.3922,1
7.4831,6.4804,1
2.0085,7.4428,1
2.8822,8.535,1
0.79345,12.504,1
-2.187,8.3466,1
-0.10286,14.649,1
13.159,0.96399,1
-9.8483,6.3526,1
11.622,3.4519,1
11.123,0.14461,1
1.6677,12.595,1
-5.8404,3.9273,1
4.2322,11.792,1
1.8012,6.3948,1
-1.592,14.393,1
-5.781,3.0481,1
-5.1606,10.977,1
7.8084,0.14936,1
5.0869,11.987,1
-3.6997,7.7426,1
9.0279,6.5338,1
-13.015,4.5808,1
-2.7979,8.1581,1
12.673,1.0073,1
0.54688,13.707,1
2.919,10.719,1
-7.4769,5.4268,1
12.903,0.456,1
8.9622,2.2676,1
-1.3363,9.73,1
11.744,5.5279,1
9.3616,4.484,1
6.5876,3.0954,1
5.5066,12.591,1
1.6765,17.34,1
7.5313,4.0651,1
3.1106,11.939,1
-3.1011,4.5655,1
4.3066,11.027,1
6.4913,10.149,1
0.44563,14.724,1
-8.1955,4.6027,1
-9.4589,2.1418,1
5.8988,8.0772,1
-7.4313,3.9742,1
9.8391,0.022996,1
-4.6022,8.6986,1
9.2152,10.914,1
-8.0118,9.656,1
-10.014,7.7967,1
-13.785,1.7979,1
-4.9385,10.805,1
1.1369,15.774,1
9.3379,5.6647,1
4.3903,4.9037,1
11.863,3.6722,1
2.413,7.0191,1
-1.1161,11.298,1
-1.5952,8.7343,1
-11.659,4.6143,1
-1.6585,13.892,1
7.4966,4.0798,1
7.0206,11.486,1
-8.9794,3.0581,1
-6.4593,8.5166,1
1.8146,9.5854,1
9.9931,0.10548,1
-2.489,10.658,1
-1.867,12.904,1
4.8063,15.198,1
-8.0127,6.3033,1
-6.0888,6.5245,1
-10.267,5.5759,1
6.3585,9.5395,1
8.0363,6.9133,1
8.8035,0.98764,1
5.7038,10.363,1
-0.012517,10.262,1
-11.659,8.736,1
6.1077,10.446,1
0.30754,10.843,1
12.195,4.2762,1
-2.9546,10.765,1
-10.002,9.6801,1
-1.2411,10.434,1
8.0621,6.2286,1
-12.748,1.7566,1
3.6713,1.5861,1
-4.6266,10.316,1
-0.063931,8.0442,1
-0.45232,5.0968,1
-12.822,1.1978,1
13.119,6.7725,1
-10.627,2.6712,1
-11.182,5.3557,1
-6.2639,11.263,1
-2.7889,9.5887,1
6.1631,9.1625,1
-8.5844,1.535,1
3.9027,3.2952,1
11.939,1.5438,1
-10.421,1.1331,1
5.8707,8.4128,1
5.5755,5.5629,1
14.244,0.4688,1
-13.19,2.2388,1
3.7677,10.322,1
-6.0758,6.8856,1
14.14,4.1206,1
7.8423,6.856,1
-10.228,9.0728,1
-8.8464,10.219,1
-1.7742,13.297,1
-0.70858,12.598,1
2.3685,10.006,1
7.6316,6.8771,1
7.5325,2.3904,1
-7.907,1.3553,1
6.4676,6.4575,1
10.286,4.1066,1
17.601,-0.26148,0
15.908,-1.0526,0
4.7093,-5.2525,0
7.7236,-8.4931,0
16.951,-7.9238,0
12.464,-5.0727,0
19.727,-0.35917,0
15.774,-6.0127,0
17.791,-4.784,0
17.289,-3.1741,0
20.357,-2.6706,0
4.9336,-3.1332,0
14.196,-3.3374,0
1.4435,2.69,0
2.4297,-2.3251,0
18.376,-6.8633,0
10.314,-3.1045,0
14.18,2.6879,0
14.993,0.38722,0
-3.1197,-0.26438,0
12.928,-4.0799,0
20.093,3.5782,0
4.323,0.91766,0
0.0016201,-0.41264,0
10.125,-6.5728,0
10.007,-4.3479,0
20.83,2.3849,0
15.267,-6.5195,0
21.801,-0.30479,0
3.2092,-5.4677,0
17.984,3.8211,0
15,2.4037,0
4.0981,-0.84235,0
2.8955,0.77001,0
-0.23724,3.0937,0
19.799,1.7006,0
3.8958,-5.2294,0
8.2401,-3.4367,0
18.491,1.9743,0
9.5782,-1.3239,0
14.623,-4.2067,0
14.231,-0.010546,0
12.821,-7.9403,0
17.945,-3.3257,0
22.494,4.3861,0
0.20369,-6.1977,0
2.6042,-9.0642,0
-0.79633,4.9807,0
17.765,-4.059,0
16.127,-5.6871,0
9.3888,-7.499,0
19.171,1.9637,0
-0.89818,1.8912,0
17.38,-3.4854,0
21.168,0.50021,0
9.2634,-4.4297,0
5.1238,-0.73162,0
9.1437,-5.6226,0
3.7385,-2.6765,0
-1.5959,1.8337,0
19.695,-1.2619,0
13.231,-5.4246,0
2.5874,-2.1227,0
18.627,2.0127,0
4.539,-4.1411,0
10.87,-6.4584,0
9.9417,-8.4229,0
21.076,1.8776,0
13.154,-3.729,0
9.8292,-6.3255,0
2.4667,-4.2264,0
23.078,4.3115,0
1.6146,-3.1923,0
19.639,2.3081,0
20.011,1.3639,0
12.768,-5.6101,0
6.1665,-4.3455,0
17.66,0.21488,0
-2.2269,-1.7467,0
3.5133,2.4288,0
17.102,-7.104,0
16.694,3.3487,0
10.156,-9.6792,0
13.619,-4.1437,0
12.689,-5.7443,0
3.0892,-2.8805,0
9.8231,-7.6601,0
-2.8062,0.7605,0
21.534,-0.26648,0
19.172,2.8582,0
9.2963,-9.0354,0
3.1767,-3.1023,0
20.474,-0.028909,0
13.578,-2.31,0
13.611,-10.864,0
9.5841,-4.6079,0
-1.8042,4.9404,0
-0.43822,-5.3095,0
22.589,-3.6461,0
19.97,0.25382,0
4.0459,-7.2742,0
21.877,-0.60658,0
16.401,-7.0035,0
11.839,-4.8322,0
-2.0988,-0.47423,0
17.44,-5.609,0
1.8767,2.7774,0
-0.6102,3.7179,0
17.331,1.6674,0
14.32,-2.5392,0
-3.6629,2.2434,0
7.42,-7.5879,0
5.1971,-11.087,0
24.502,0.65225,0
-0.26768,0.89231,0
4.2345,-1.3258,0
1.9235,-3.0245,0
16.334,-4.1929,0
19.606,-1.2324,0
5.6568,-5.4513,0
6.3244,3.1433,0
-0.66005,-6.0573,0
4.613,-4.4145,0
12.848,-7.209,0
18.025,-3.2951,0
10.521,1.4963,0
15.493,-3.8019,0
-3.6484,-7.1833,0
7.2432,-0.48712,0
6.1357,-3.8411,0
2.5638,-3.3131,0
20.926,3.0642,0
6.3694,0.49599,0
4.9625,-3.2178,0
9.2405,-2.8685,0
1.0575,0.5586,0
20.725,-2.9672,0
-1.0211,3.9837,0
20.646,-0.65614,0
16.305,0.34584,0
6.2692,-3.7288,0
20.005,1.4571,0
17.135,-7.8649,0
4.5512,-0.31444,0
23.178,3.8426,0
9.5087,-9.4049,0
8.4749,-6.1911,0
17.282,-3.0452,0
21.023,0.62688,0
1.5949,4.143,0
-4.1238,2.668,0
-2.7184,4.1033,0
3.1007,-10.146,0
16.746,-4.0773,0
5.2608,-8.3288,0
6.4962,-3.7238,0
20.823,0.37053,0
14.524,0.12308,0
6.6677,-4.6973,0
24.997,4.6176,0
9.3364,0.74626,0
18.474,-6.8078,0
-1.878,3.991,0
17.229,2.5092,0
18.105,-0.94056,0
13.606,-7.8518,0
17.79,-5.5585,0
-0.59691,4.2305,0
8.7759,-4.2822,0
18.221,0.7806,0
4.5084,-3.6605,0
0.8693,2.7812,0
24.701,3.031,0
19.997,3.4937,0
19.628,-3.4623,0
0.50977,-3.5202,0
20.647,-1.455,0
15.861,-2.0282,0
1.4659,-0.26508,0
17.152,-0.76873,0
13.15,-6.7351,0
4.746,2.4189,0
2.0479,-9.0689,0
0.80533,2.2953,0
5.987,-3.3635,0
15.464,3.5118,0
8.8339,-8.535,0
1.9605,0.92504,0
-2.4921,-8.3737,0
8.6552,-1.6694,0
5.5095,-4.6078,0
13.555,-1.7587,0
14.418,-3.1068,0
20.476,1.7975,0
19.053,-0.7866,0
2.5678,-4.8563,0
3.0136,3.1223,0
25.599,2.9666,0
3.0754,-1.7264,0
10.279,-3.9196,0
23.043,1.0694,0
0.10916,-1.6345,0
0.43842,0.37838,0
15.689,0.94664,0
-2.7858,4.8715,0
-0.2693,-1.3612,0
0.46531,2.7554,0
4.7409,3.3359,0
20.829,4.9713,0
11.116,-3.1788,0
1.0189,-2.0622,0
2.9956,2.0753,0
14.911,0.49647,0
5.5662,-7.1504,0
3.7278,1.0979,0
28.513,2.5057,0
-4.8285,3.6457,0
16.562,-2.4756,0
-7.1719,4.9468,0
-4.1465,1.918,0
5.8601,-2.4944,0
21.356,4.0552,0
24.859,3.9031,0
-3.5202,-3.8006,0
21.284,-0.9638,0
15.858,-2.9533,0
17.091,-11.342,0
10.373,-2.3133,0
4.9078,-4.7275,0
22.682,1.1389,0
8.0723,-6.3562,0
16.629,0.37688,0
9.6993,-9.3795,0
16.876,-8.0896,0
23.021,-5.2647,0
14.447,1.0601,0
21.7,-4.187,0
21.159,0.99174,0
14.547,-1.3332,0
20.307,3.8434,0
4.7641,0.47293,0
4.5507,-6.6983,0
5.3009,-6.0708,0
19.344,1.5098,0
18.43,-4.273,0
19.094,1.2135,0
0.97347,-0.16276,0
12.556,-6.2398,0
0.72925,2.2495,0
11.994,-2.8713,0
-4.8887,4.7748,0
15.861,-5.3641,0
14.05,-2.7907,0
9.9542,1.4479,0
18.199,-0.60824,0
6.044,-3.2006,0
19.447,1.6488,0
1.488,-6.3046,0
10.434,-7.1215,0
9.3272,-3.919,0
2.9106,-3.7518,0
8.4234,-12.187,0
25.708,-0.52135,0
12.723,-7.0327,0
2.1984,-6.8335,0
4.556,-1.9657,0
9.2677,-8.1263,0
11.961,-4.0919,0
16.406,-7.7532,0
0.60529,4.1643,0
6.2193,-4.6023,0
5.2092,0.48683,0
9.9558,-1.1895,0
6.6933,-2.0803,0
-2.5487,4.8683,0
7.06,-10.493,0
21.59,4.8169,0
15.649,-8.3485,0
17.669,-1.572,0
13.766,-5.9827,0
0.86838,-2.2689,0
-0.41599,4.0583,0
15.178,-3.1332,0
16.474,1.8481,0
1.0529,2.2862,0
17.882,-4.835,0
8.308,-5.2238,0
1.6805,1.784,0
11.046,-10.972,0
4.1645,-2.1404,0
5.3023,4.645,0
3.9558,2.3511,0
20.546,2.3271,0
0.33278,1.7243,0
22.933,-6.3953,0
2.1941,-1.9873,0
19.277,2.7282,0
7.2325,-3.222,0
17.793,4.2701,0
4.4901,-2.6237,0
9.6632,-7.265,0
15.587,-10.303,0
5.6032,-2.5965,0
8.4832,-0.10156,0
16.323,-6.5021,0
18.594,4.5455,0
19.126,1.752,0
13.953,-4.5847,0
17.465,-0.9887,0
1.3814,1.4773,0
4.9512,-5.033,0
19.806,-5.8672,0
9.9883,-6.2236,0
-0.55561,3.4226,0
5.1656,-1.784,0
10.151,-5.6712,0
15.246,-5.4387,0
25.37,0.87381,0
16.037,1.9629,0
14.249,-2.6232,0
-0.19042,-1.7673,0
0.055177,-4.9358,0
14.983,-1.7949,0
4.0469,-8.1669,0
8.345,-4.3841,0
9.5059,-7.9414,0
5.4705,-2.5652,0
-3.4589,4.3933,0
18.129,-1.7016,0
18.926,-1.8875,0
12.497,-4.0587,0
1.7576,-4.2153,0
11.506,-2.5406,0
18.926,2.6378,0
15.432,2.946,0
9.6234,-8.1808,0
13.836,-2.509,0
18.104,0.94445,0
5.4609,-5.6992,0
4.4954,-0.77062,0
9.0697,-9.8936,0
20.819,2.4912,0
16.692,-4.589,0
16.245,0.53281,0
0.90856,-1.1978,0
16.001,-5.3651,0
5.6748,-5.114,0
2.719,1.7016,0
18.11,-4.1439,0
16.734,-9.4832,0
21.861,4.7921,0
14.457,-2.4925,0
0.75055,-5.1706,0
14.68,-4.4621,0
-3.2342,0.42233,0
9.311,-4.585,0
20.755,1.1115,0
5.9222,-5.6616,0
21.658,0.61142,0
-4.0145,-4.4238,0
5.347,-5.1029,0
-2.997,2.1609,0
18.431,-0.47841,0
-1.7237,-1.2623,0
8.0949,-5.7473,0
11.939,-3.0383,0
19.445,3.1992,0
17.96,3.3081,0
17.648,-3.8422,0
-0.15124,-0.63082,0
4.6416,3.5745,0
7.3925,-9.0519,0
14.722,-6.6304,0
6.3311,-5.2819,0
8.0414,-5.0932,0
8.6874,-5.6468,0
0.94161,-5.004,0
-1.7136,-3.1688,0
-4.5386,-0.86571,0
1.5618,-1.437,0
11.859,-7.5246,0
13.212,-0.30762,0
11.147,0.055684,0
18.981,3.3684,0
2.76,-3.2058,0
5.7652,-5.374,0
17.564,-6.235,0
14.158,-4.6101,0
21.889,-0.40362,0
2.6455,3.5883,0
1.7664,1.5017,0
7.4384,-4.7441,0
10.911,-5.146,0
5.0661,-5.7774,0
2.0367,-3.9782,0
19.569,1.1952,0
2.6418,-2.7819,0
13.922,-2.7608,0
13.667,-5.1132,0
20.696,-3.1056,0
6.3602,-1.2035,0
9.1212,-3.7253,0
18.634,0.09725,0
2.7679,-5.2618,0
-4.146,0.19381,0
17.323,-0.41798,0
20.361,-0.15409,0
12.188,-10.984,0
22.149,1.5109,0
20.025,-1.2377,0
17.64,-7.0545,0
13.069,-3.4826,0
9.2144,-3.9884,0
-2.8761,0.034274,0
19.28,-4.0538,0
7.3856,-4.5517,0
10.696,-0.38388,0
20.737,1.2883,0
18.486,0.59499,0
19.051,-0.99295,0
2.0459,-7.8743,0
-0.61205,0.7776,0
3.8344,-3.1469,0
17.654,1.7175,0
2.8359,1.4908,0
13.795,-5.199,0
5.4438,-6.7196,0
21.555,-0.97841,0
16.958,-0.73224,0
19.156,-6.6261,0
7.8551,-4.6898,0
-1.9178,-0.087612,0
-0.11882,-2.4482,0
-1.2316,-0.033902,0
15.408,1.5456,0
1.5339,3.9091,0
-6.158,0.073515,0
13.663,-7.9953,0
19.379,4.6716,0
3.5177,-2.274,0
18.463,4.2673,0
10.404,-5.1359,0
8.9155,-7.6434,0
2.612,-1.1433,0
5.9868,-0.70143,0
5.4498,-8.1655,0
14.892,-0.20688,0
2.8462,-9.7296,0
18.4,-2.2977,0
1.9945,4.4447,0
0.32422,-1.8025,0
20.899,-0.10393,0
1.6027,-3.5013,0
2.2835,-7.04,0
18.361,-0.33613,0
14.611,1.1427,0
2.0994,-4.2159,0
-1.6889,-0.86479,0
11.594,-0.61357,0
15.343,-2.7382,0
0.0013633,-3.7664,0
6.1199,2.602,0
2.0065,-2.3745,0
4.4581,-1.83,0
3.7932,-8.147,0
7.4137,-8.2992,0
9.3146,-11.912,0
1.0342,-3.1728,0
0.23123,4.4437,0
2.1081,1.7119,0
2.9133,-2.5297,0
16.621,3.6631,0
8.0326,-5.3025,0
-4.3123,4.7984,0
15.845,-3.605,0
6.6902,-4.5765,0
19.888,-4.1067,0
1.9151,1.5345,0
2.5943,-1.9744,0
18.032,-7.9416,0
-2.9591,1.421,0
23.587,4.2719,0
-4.3362,4.9447,0
0.15528,0.92274,0
-3.55,-1.0402,0
22.702,-1.5814,0
2.5553,-0.39111,0
8.8939,-3.9845,0
3.8468,-3.6374,0
10.692,-2.8485,0
16.918,4.1636,0
12.098,-4.5604,0
-0.3932,4.2953,0
7.244,-6.3009,0
16.48,-5.0968,0
-0.43162,2.9971,0
21.764,0.64522,0
0.67817,0.9648,0
13.749,-2.3455,0
3.1245,-4.8416,0
-0.27207,-0.14338,0
20.952,-2.8253,0
22.55,-6.0206,0
21.709,4.5063,0
5.363,-1.0725,0
17.696,-5.2588,0
25.117,2.8842,0
9.2988,-5.2134,0
7.5181,-3.7807,0
9.5247,-6.3588,0
-3.0866,1.1711,0
19.425,-1.7095,0
13.346,-10.954,0
10.045,-1.9722,0
1.4829,-5.3401,0
2.3711,-3.1959,0
1.6152,2.6091,0
-0.18847,-3.2086,0
14.053,-7.5122,0
10.006,-4.2357,0
2.8136,-6.5165,0
-0.96577,1.3639,0
23.143,-1.7746,0
20.523,-0.69689,0
22.285,-3.3829,0
2.5204,4.7873,0
-1.5051,-6.2208,0
18.287,1.5159,0
23.388,0.42388,0
23.921,0.30306,0
13.697,-0.59121,0
16.44,-3.953,0
1.4513,0.24259,0
1.7441,1.4559,0
16.883,-6.7484,0
10.343,4.3052,0
8.4798,-4.3358,0
0.66054,-6.6117,0
17.73,0.94279,0
1.6524,-8.5206,0
21.925,-3.4122,0
-0.54947,-2.1162,0
2.999,-6.6462,0
22.202,-3.9691,0
22.945,1.3358,0
18.728,4.1043,0
21.717,2.5545,0
-0.57718,0.41972,0
-0.95219,0.18998,0
15.145,-0.66066,0
11.021,-10.507,0
2.362,4.811,0
12.717,-3.0188,0
17.873,-3.9916,0
16.209,-4.9717,0
12.739,-7.4124,0
-2.4392,0.72586,0
21.263,0.55974,0
24.122,-0.11656,0
4.9446,1.2009,0
-1.2317,0.14906,0
11.034,-6.4573,0
-0.38124,0.69566,0
19.002,2.8199,0
3.4968,0.52838,0
7.196,-7.2052,0
18.31,-0.35411,0
17.044,-3.0371,0
14.645,3.3977,0
20.444,1.4292,0
1.8704,-1.8589,0
-1.6423,-2.5969,0
15.456,-2.4935,0
3.2948,1.4265,0
6.1188,-1.056,0
6.838,-3.7584,0
13.238,-3.1722,0
9.9654,-0.90131,0
12.275,-3.3107,0
22.581,1.7686,0
10.957,-5.6028,0
8.9923,-11.35,0
-3.1128,4.4015,0
-4.8722,1.3634,0
21.308,-5.5706,0
21.337,-2.8522,0
-2.1993,-1.7098,0
-0.30196,3.5327,0
9.2745,-8.7472,0
8.8803,-3.9148,0
12.594,-5.1178,0
-3.3525,4.4115,0
19.389,1.02,0
19.059,3.1946,0
-0.051662,1.8241,0
8.477,-9.7574,0
3.0832,-5.4437,0
22.594,-5.8709,0
7.7479,-2.7963,0
16.327,-2.0218,0
21.004,-3.9625,0
16.066,-2.2829,0
9.0931,-7.7626,0
12.328,-5.2115,0
16.752,-0.8224,0
18.068,0.84082,0
-4.5498,3.4198,0
-3.8164,0.73608,0
1.3046,2.1359,0
3.7192,-3.9076,0
2.1494,-4.8883,0
6.1012,-9.8856,0
21.153,-4.5697,0
25.352,4.0684,0
1.808,-3.8952,0
6.8643,-7.6039,0
10.95,0.65087,0
17.082,-2.9252,0
19.402,-1.8886,0
-3.3155,3.3841,0
11.715,-12.098,0
2.9666,0.99309,0
1.8986,-0.45961,0
21.35,1.0145,0
5.6269,-1.87,0
-5.0604,-2.9011,0
11.65,-8.1682,0
4.5172,-3.2119,0
3.2422,1.9993,0
8.112,-6.5028,0
9.532,-4.6923,0
-0.12344,4.3093,0
1.6939,3.2009,0
16.573,-6.456,0
20.97,2.0241,0
18.107,-2.2493,0
21.575,1.4837,0
5.6781,0.64232,0
20.258,4.4837,0
4.2457,-8.4231,0
2.4563,1.8628,0
5.6921,-3.6692,0
13.45,-4.6341,0
1.0736,0.57538,0
15.829,-0.69608,0
12.843,-7.1023,0
5.9253,-0.051138,0
10.536,-7.1049,0
13.686,-5.3932,0
-1.5502,-3.3022,0
11.716,-6.9686,0
14.799,-8.1183,0
4.4866,-2.7502,0
11.363,-6.705,0
1.8189,-2.8855,0
9.5809,-8.2909,0
1.7913,-0.64571,0
-1.8916,-0.82576,0
11.065,-9.9704,0
9.4078,-4.5993,0
2.1155,-4.9145,0
11.444,-1.2026,0
19.876,-5.406,0
9.5638,-2.039,0
21.914,-0.11529,0
15.586,-9.9106,0
12.721,-2.2242,0
9.9281,-4.2987,0
12.637,-3.7858,0
13.359,-3.1617,0
4.157,-11.129,0
15.194,-0.31571,0
-2.3824,0.39846,0
-0.81236,-0.73801,0
18.707,-5.3971,0
16.822,3.0978,0
0.47399,-1.0103,0
-3.0855,3.2313,0
9.285,-3.1922,0
19.382,3.9145,0
15.187,3.9399,0
17.744,-4.791,0
9.243,-10.351,0
23.313,1.3785,0
20.449,-0.31479,0
-7.1311,-0.32766,0
-0.25191,2.0141,0
1.0281,-4.6004,0
13.365,-4.7626,0
13.112,-8.8171,0
17.475,-4.687,0
3.986,-7.4499,0
19.953,4.533,0
8.2277,-6.3437,0
0.89572,2.1041,0
9.197,-3.4157,0
4.5469,-5.6265,0
18.154,0.88651,0
2.3701,0.55608,0
-0.21599,-0.25732,0
5.1063,3.6307,0
2.337,-2.4352,0
0.76309,2.0857,0
0.59249,4.9445,0
10.508,-6.1377,0
19.775,0.55866,0
2.6616,-1.3103,0
16.216,1.1486,0
17.434,2.9246,0
15.764,-8.5686,0
9.8706,-1.7099,0
21.925,-3.8424,0
17.377,-4.0469,0
17.003,-0.092802,0
-0.20663,-1.9476,0
22.523,3.1311,0
20.197,-3.1959,0
5.3089,-6.268,0
24.989,3.5332,0
5.3636,-3.1133,0
12.03,-7.8529,0
19.441,3.9521,0
13.249,-3.9341,0
1.1575,3.4416,0
1.9814,-5.2237,0
23.427,-3.5652,0
3.7485,-2.5969,0
1.9677,-4.6623,0
1.1057,2.2919,0
3.4427,0.44644,0
8.4531,-1.076,0
6.4405,-4.6031,0
12.261,-6.5101,0
7.3303,-1.1831,0
21.667,3.4621,0
9.4848,-6.5833,0
6.9742,-0.51889,0
13.256,1.9964,0
13.408,-1.4492,0
0.98811,-2.0734,0
1.2603,4.1511,0
5.9005,3.2928,0
17.809,-6.4314,0
-2.1705,2.7167,0
13.668,-5.2318,0
16.726,-7.6681,0
9.7863,-6.0505,0
2.0364,0.37884,0
8.1357,-6.3114,0
-2.5134,4.7869,0
15.11,-6.4551,0
9.107,0.86647,0
20.806,-2.5691,0
24.61,1.0594,0
8.5584,-6.7545,0
3.3634,-4.6167,0
22.874,2.2494,0
15.871,4.1847,0
22.24,-1.0816,0
0.098595,-0.80979,0
12.767,-1.1946,0
14.741,-4.5482,0
10.422,-3.8291,0
20.977,-0.38386,0
7.9863,-4.737,0
-1.4971,-0.92515,0
15.391,-0.2412,0
23.819,4.4087,0
19.604,-4.9917,0
4.6607,-5.136,0
20.242,3.2577,0
17.233,-1.6832,0
1.8624,-0.85808,0
10.511,-3.0017,0
1.0665,-3.8065,0
18.027,-1.7297,0
13.098,-8.661,0
8.3706,-0.96067,0
23.57,3.2514,0
1.3487,0.027559,0
7.1198,-7.2705,0
14.689,-3.4494,0
1.2748,2.589,0
1.6697,-4.7878,0
11.556,-4.7676,0
3.6495,-1.1475,0
21.85,-1.4961,0
-0.19196,4.9343,0
0.31603,-6.0592,0
3.8766,2.0329,0
11.015,-9.0042,0
-2.7251,1.2348,0
9.3468,-3.0774,0
20.254,4.3163,0
15.036,-7.8934,0
2.8565,-3.0656,0
-0.46447,0.89078,0
3.2046,1.8043,0
19.72,-1.1659,0
1.278,-1.154,0
4.2434,-5.7042,0
3.7524,-6.0317,0
18.924,-0.1646,0
16.666,0.52197,0
7.8279,-6.4286,0
7.5382,-7.3082,0
-6.2257,2.9998,0
5.4691,-1.3896,0
8.2928,-4.0955,0
20.091,-5.4012,0
5.1341,-3.7154,0
13.198,-2.8958,0
0.0058277,2.3681,0
20.362,3.6074,0
13.208,-11.249,0
2.9374,3.2031,0
18.458,-7.6933,0
13.142,-3.0411,0
12.66,-3.7455,0
10.793,-4.7819,0
21.03,-2.1682,0
2.412,-4.4769,0
3.0839,-2.0236,0
2.2239,-2.5045,0
13.534,-5.8526,0
13.564,3.4891,0
10.696,-5.4186,0
1.5634,-2.9746,0
7.4609,-6.7081,0
4.1738,-4.348,0
1.8714,-5.6959,0
13.791,-1.6069,0
19.626,3.8266,0
16.961,4.3762,0
15.041,-3.3506,0
5.3656,-3.0212,0
20.317,-2.726,0
11.953,-4.1328,0
-0.88611,1.1731,0
19.258,-1.6746,0
2.2521,-5.5979,0
13.033,-3.2478,0
13.211,-2.4184,0
5.0665,-3.2504,0
12.831,-5.2532,0
24.234,-2.6354,0
7.6219,-2.4327,0
10.14,-6.1471,0
10.161,-9.1404,0
0.59938,0.61339,0
8.099,-5.8777,0
12.219,-8.7773,0
21.522,2.2107,0
-2.9112,4.3732,0
9.0276,-8.2599,0
7.1526,-2.1528,0
1.7618,-6.6701,0
-1.2999,4.9028,0
4.7436,-1.2588,0
-1.8625,-3.5403,0
-0.48073,-6.6168,0
-0.78863,0.18278,0
-2.5433,0.22937,0
5.1157,-7.4643,0
15.171,-2.6571,0
-4.5848,0.10926,0
2.0465,4.8649,0
16.663,1.9416,0
13.083,-6.9627,0
19.06,3.6234,0
20.82,4.73,0
18.971,0.91437,0
-6.0723,3.7978,0
25.093,2.3426,0
3.1385,-6.5612,0
-0.59068,1.4744,0
15.853,-3.09,0
17.578,-6.5194,0
7.557,-0.51789,0
2.0477,0.91516,0
11.175,-7.3181,0
18.487,-6.1725,0
23.792,-1.8804,0
13.805,-3.0693,0
-1.3602,-5.8628,0
6.5734,-3.4276,0
2.7407,-2.5693,0
0.24565,3.4669,0
14.797,-5.2813,0
20.832,4.2641,0
17.375,-2.3569,0
4.1741,2.4271,0
3.5271,-1.5653,0
23.741,3.9412,0
10.525,-5.5975,0
13.389,-8.8813,0
9.9187,-8.5595,0
13.908,-5.7421,0
7.5417,-4.3276,0
8.3988,-5.5161,0
11.081,-8.9352,0
-3.094,3.634,0
2.8428,4.8796,0
-0.45523,-2.9561,0
15.047,-7.5431,0
5.4775,-3.9314,0
6.2406,-6.625,0
23.944,3.9795,0
11,-3.6934,0
20.227,0.83813,0
12.083,-4.0333,0
19.094,-1.2631,0
0.044721,-7.2462,0
17.156,-5.3606,0
18.862,1.9246,0
1.1843,-0.23518,0
12.45,-2.0129,0
0.38546,3.0457,0
5.0343,-7.3796,0
21.062,3.8019,0
5.3305,-7.3791,0
1.6863,1.6176,0
2.7832,-11.509,0
23.034,-3.7736,0
-0.67144,4.0959,0
12.04,-7.1941,0
22.373,-0.75663,0
3.6029,-3.6911,0
22.509,-0.59016,0
4.3972,-4.6413,0
16.931,-1.3984,0
2.1147,4.6585,0
16.434,-0.42176,0
12.649,-2.9173,0
4.9494,0.64807,0
2.6556,1.1972,0
17.149,-3.5306,0
-5.1129,-1.2474,0
12.352,-7.7551,0
8.2888,-5.0297,0
18.851,-0.34999,0
14.122,-6.2072,0
21.281,0.33179,0
5.351,-0.59761,0
3.2596,4.8653,0
15.076,-6.3705,0
19.908,-0.44875,0
4.8766,-5.9696,0
-0.80632,-3.6737,0
8.8294,-4.7805,0
21.717,3.036,0
21.089,1.8121,0
0.26924,-0.092633,0
18.294,-0.83257,0
21.742,4.543,0
14.527,-5.9058,0
-2.2727,4.6469,0
15.426,-3.2275,0
17.202,-0.63116,0
5.8236,-5.1111,0
-4.1565,4.9298,0
21.524,-1.8769,0
24.631,0.77761,0
21.802,-0.95106,0
13.814,-6.8625,0
5.914,-5.6198,0
1.1861,2.5248,0
2.6359,-1.7056,0
18.091,0.50238,0
-3.3377,-3.3768,0
8.387,-2.5973,0
7.7417,-4.1418,0
14.771,4.218,0
7.1651,-2.5834,0
2.6103,-8.1113,0
0.39413,-0.16727,0
13.631,-5.5591,0
16.859,-1.3666,0
12.411,-6.2326,0
2.261,2.207,0
20.244,-2.9607,0
-4.7186,-0.0089099,0
-1.2073,2.4884,0
27.766,-0.37881,0
6.7155,-2.8375,0
0.80011,-5.2534,0
6.271,-1.887,0
19.187,3.2875,0
12.849,-3.5334,0
21.057,1.8061,0
1.8187,3.5969,0
0.55446,3.4483,0
3.5659,3.4564,0
14.407,-5.0742,0
14.645,4.1242,0
5.3622,-6.4545,0
2.4892,-2.0604,0
-1.648,2.6192,0
14.334,-0.52116,0
4.2904,1.1197,0
