-6.5574,5.3398,1
5.9667,8.4737,1
-6.4948,7.8145,1
11.298,4.404,1
8.4485,3.7104,1
-12.634,0.34018,1
6.1051,3.6001,1
-6.3461,8.4065,1
-3.6563,9.5511,1
-3.1987,7.5338,1
7.3105,0.45975,1
-7.4223,2.6652,1
6.8371,1.8228,1
-9.8975,3.7977,1
9.4383,4.1979,1
-6.6602,8.2191,1
8.3281,0.5735,1
11.329,3.7956,1
-7.3179,4.7949,1
-2.1033,7.0984,1
5.9519,6.1879,1
12.349,0.63101,1
-8.2912,3.6444,1
5.7604,5.3724,1
-10.749,1.0239,1
-0.76489,10.813,1
4.3388,11.634,1
-7.4993,5.3662,1
-10.779,3.6944,1
9.7433,1.8546,1
12.665,0.091631,1
-8.3732,9.1007,1
0.79011,7.9571,1
9.3342,7.6934,1
-6.605,10.034,1
-9.8254,0.11196,1
-11.897,2.8548,1
-5.7262,10.581,1
-6.3557,6.0199,1
-0.67358,7.2739,1
3.5416,6.4646,1
8.0813,1.0474,1
-4.4829,11.54,1
-5.4206,8.972,1
10.584,6.1765,1
-3.2869,9.09,1
-9.9946,6.2543,1
5.4054,7.0744,1
5.6685,4.3572,1
-5.1545,5.5991,1
-8.8716,0.31124,1
-4.6062,6.4248,1
9.2848,1.6567,1
-9.6018,6.9338,1
-7.7805,5.4375,1
2.9843,9.8968,1
-9.1523,6.3144,1
-11.758,3.0977,1
1.7094,11.932,1
-4.398,8.3009,1
4.5903,5.6469,1
8.2593,0.73052,1
-10.069,1.3604,1
-8.5542,8.277,1
-4.065,10.695,1
-7.8507,2.768,1
10.317,2.6822,1
-11.241,3.8305,1
-6.7174,3.3412,1
-3.3539,11.099,1
-5.6973,6.1675,1
2.9432,6.7719,1
7.4395,1.0945,1
5.3566,6.8907,1
3.6597,7.4568,1
-7.3399,2.8874,1
8.327,6.3407,1
4.0462,6.99,1
-1.1679,6.9131,1
3.8677,5.8458,1
-7.2019,6.9358,1
-8.5945,1.364,1
-10.013,1.5008,1
-12.591,0.74037,1
-5.3087,6.9792,1
-2.5009,7.2899,1
-3.013,11.211,1
-2.3026,10.339,1
0.6516,9.9257,1
6.425,6.7137,1
2.0986,8.4024,1
-0.37429,8.5695,1
-8.0796,8.1028,1
8.3058,9.1947,1
11.99,3.4078,1
-3.7933,9.0287,1
1.9163,11.345,1
-0.1522,10.681,1
-8.0911,7.0257,1
-10.107,3.3433,1
5.8559,6.9393,1
10.087,2.0096,1
-7.5786,1.8148,1
-10.247,5.4398,1
-2.7279,10.576,1
-9.5058,3.9059,1
3.8579,11.179,1
5.1294,5.7324,1
-4.5067,6.3447,1
4.9474,10.61,1
-8.9494,8.2268,1
3.9746,6.8036,1
4.24,10.07,1
8.9672,4.6728,1
-6.3264,3.0712,1
4.6473,10.167,1
7.0751,9.1726,1
-9.8758,1.7462,1
4.4407,11.642,1
-7.4108,2.7839,1
2.7391,7.87,1
3.2951,6.239,1
11.26,3.7393,1
-10.49,6.9908,1
6.8109,3.1705,1
6.7733,8.5278,1
7.478,1.5177,1
-10.798,0.52966,1
8.6802,1.1045,1
9.6388,7.6495,1
0.50591,9.0699,1
3.58,10.825,1
2.1817,12.808,1
7.5738,0.15662,1
-4.6878,8.479,1
4.0818,7.6434,1
9.1503,6.6441,1
-6.6541,3.5913,1
-7.0825,1.949,1
-0.089256,11.394,1
-0.42245,8.4155,1
-2.2936,8.1507,1
3.1468,10.779,1
-7.1082,4.4787,1
-5.6492,8.9893,1
-6.9695,2.9078,1
-12.123,2.6617,1
-8.4675,5.4105,1
-10.256,3.2209,1
5.7582,9.4118,1
7.4714,4.4283,1
7.1813,5.6395,1
-4.5354,6.371,1
-2.3412,9.9818,1
8.286,1.3728,1
7.6904,6.658,1
-11.714,5.1766,1
3.0836,6.3385,1
-5.5989,7.9826,1
-0.88396,11.386,1
7.227,9.9971,1
2.1949,12.149,1
-3.4339,10.207,1
1.0948,10.93,1
1.4719,11.458,1
-2.6545,10.511,1
2.2609,9.6368,1
5.9122,5.394,1
-9.755,3.4529,1
-10.904,0.4502,1
2.6361,7.4686,1
-10.988,4.6493,1
8.7749,4.4686,1
1.4402,7.1743,1
4.4739,6.09,1
-7.888,3.2125,1
3.828,7.0031,1
1.8657,9.419,1
2.899,6.4279,1
7.6011,0.23096,1
10.6,5.4333,1
3.3907,8.7179,1
-6.7865,3.5282,1
-1.3644,12.656,1
-5.758,4.0934,1
8.4393,5.2452,1
-4.9797,6.318,1
-6.7546,10.548,1
5.0642,5.1846,1
-7.7929,9.0717,1
10.112,5.6641,1
6.0642,6.1803,1
5.7197,10.631,1
-10.737,1.5908,1
4.138,10.554,1
-8.4848,3.9252,1
-2.0771,8.1731,1
-1.1618,12.431,1
-9.6113,0.21775,1
3.7121,10.519,1
-4.6514,5.7349,1
11.759,3.123,1
12.04,2.8046,1
4.0762,12.12,1
4.8728,10.638,1
-6.2068,5.2576,1
-7.3369,3.3555,1
6.9466,5.3284,1
2.4388,8.4921,1
-0.74054,7.0356,1
11.809,3.4556,1
-10.653,4.8556,1
7.8329,4.9572,1
10.441,2.8379,1
10.977,4.4647,1
-2.8327,6.8317,1
-3.5824,11.694,1
-11.935,4.3385,1
0.69402,7.7533,1
-4.949,9.4435,1
-0.63911,7.8517,1
-9.2717,8.3093,1
10.559,3.0179,1
5.4685,5.1642,1
0.72104,7.4079,1
1.0498,12.364,1
4.6701,6.7287,1
8.3163,0.1867,1
-8.9962,6.4678,1
6.2403,8.0855,1
-4.8306,8.1729,1
6.7973,3.123,1
9.7089,2.0022,1
2.5283,8.9077,1
6.9153,4.9752,1
7.7395,7.9808,1
-6.3499,4.7373,1
3.4804,12.051,1
-9.9063,4.1086,1
11.274,3.2747,1
7.0428,2.2447,1
5.5194,5.734,1
12.416,1.6852,1
11.24,2.6234,1
4.0628,7.6617,1
-8.2666,9.3739,1
-1.3644,7.0574,1
-5.0493,8.9362,1
9.6377,6.2747,1
4.4203,8.8908,1
8.4981,3.9848,1
-5.6516,4.6568,1
-0.84408,8.8771,1
3.4488,12.002,1
8.7854,5.7439,1
-9.5206,2.4734,1
-5.0071,7.3675,1
-10.366,6.8921,1
3.9573,11.833,1
9.0273,4.9506,1
-11.44,3.8686,1
-3.6272,7.89,1
5.9823,6.0115,1
-8.0148,8.5356,1
9.8384,3.9711,1
-5.9556,5.9785,1
-2.3674,9.2097,1
-7.6184,2.1906,1
-1.7424,7.8157,1
3.9231,10.336,1
-7.803,9.6225,1
1.9575,10.257,1
-10.449,7.1691,1
-9.7539,2.912,1
-5.9068,6.0634,1
-3.2291,8.0773,1
11.147,5.7284,1
8.506,5.7007,1
1.429,9.9108,1
-6.2584,7.093,1
-8.8028,6.3342,1
11.2,0.96522,1
5.5779,6.3192,1
1.2074,12.546,1
4.3495,7.1942,1
-8.5281,0.75252,1
10.156,1.8902,1
8.6174,0.20739,1
7.6429,2.1966,1
-6.6946,5.3323,1
10.831,5.3896,1
3.3642,6.9892,1
5.8589,10.074,1
-5.6786,4.3492,1
-9.3425,5.2384,1
-4.4222,7.4107,1
-0.9426,7.0952,1
-9.4396,0.25336,1
9.9687,5.1734,1
-6.9018,10.529,1
-6.991,2.2953,1
1.147,7.3411,1
-7.9497,2.7877,1
5.7534,5.1675,1
-6.5291,3.57,1
7.9572,1.3867,1
-8.4999,8.806,1
-4.9516,11.047,1
9.2534,7.8483,1
-10.262,0.91678,1
-5.908,7.5557,1
11.978,3.0015,1
-4.7769,5.7949,1
2.883,10.298,1
-9.0258,1.5869,1
9.7832,5.4869,1
2.4377,10.753,1
12.866,1.7004,1
-6.9388,4.4037,1
4.8649,8.6399,1
7.3569,0.76965,1
2.0418,7.6815,1
7.7797,9.2927,1
-7.0614,0.88142,1
0.30808,8.0846,1
10.28,1.5694,1
-0.66883,9.0993,1
-11.838,3.9246,1
-11.881,0.46426,1
8.5884,5.2546,1
0.67554,9.1934,1
-4.4193,8.7008,1
10.691,5.5288,1
0.10215,7.6084,1
5.4312,6.1734,1
-2.2714,8.9871,1
-8.2451,2.3988,1
-5.8769,4.2316,1
4.5212,8.5457,1
-7.2619,8.1439,1
5.1302,11.43,1
-1.1846,8.9059,1
-2.0762,10.644,1
-11.149,1.3504,1
11.829,5.1806,1
-5.4025,8.4724,1
-2.9189,8.2392,1
-0.32143,8.1156,1
5.5004,10.358,1
9.6187,0.11025,1
-0.54237,7.3183,1
-0.77647,12.484,1
2.9085,7.0426,1
1.0136,10.932,1
-7.8781,2.7319,1
5.6669,8.3512,1
-5.3966,5.7917,1
1.6234,8.3145,1
2.8044,7.5601,1
-4.7719,5.7141,1
-3.6693,11.212,1
4.5213,8.2022,1
-5.5134,5.6327,1
-8.2298,9.0263,1
0.5812,7.7062,1
-12.23,2.7327,1
3.286,9.7159,1
7.1549,0.081915,1
0.49494,7.4172,1
-3.9167,6.6857,1
-9.3488,5.6572,1
7.6022,7.3291,1
5.4371,6.8181,1
-1.9218,7.4583,1
9.7363,1.8193,1
-11.77,4.062,1
-3.1303,6.8293,1
0.82532,7.426,1
-0.18727,7.4945,1
1.7424,9.5594,1
9.4375,4.0754,1
-6.184,5.0971,1
6.0733,4.2039,1
-6.9333,4.696,1
-7.2876,1.9258,1
6.0796,6.275,1
-8.309,1.7926,1
4.1191,11.59,1
3.99,7.3973,1
4.0454,8.9776,1
3.4002,8.0647,1
-0.70607,11.404,1
-6.5424,8.8994,1
5.455,6.9725,1
-8.2075,3.6735,1
-6.5854,4.0429,1
5.0163,10.771,1
-4.4378,8.5981,1
4.5263,11.232,1
1.3682,9.53,1
-3.6957,8.3104,1
-2.477,7.0227,1
7.6623,2.3353,1
1.9803,10.742,1
-10.102,7.6613,1
-10.173,7.5392,1
7.23,7.6182,1
-7.6995,5.1716,1
-9.9917,1.3809,1
-10.916,4.052,1
6.0629,4.018,1
10.292,3.9288,1
6.228,6.8653,1
-6.9296,1.0396,1
10.849,3.2563,1
-4.6377,8.4455,1
12.046,2.6158,1
-9.9244,3.1198,1
-12.259,1.5707,1
-10.029,1.3988,1
-9.9149,4.4272,1
7.0745,2.782,1
-1.5705,9.4343,1
-5.1339,5.0149,1
10.22,4.7383,1
-6.4477,8.9612,1
-9.3453,7.6002,1
-9.883,7.2294,1
9.4212,5.2355,1
-7.6461,4.9841,1
-7.2793,7.7857,1
-3.2693,12.213,1
-3.1466,9.6735,1
8.5493,0.70858,1
-5.9616,7.7595,1
10.765,5.0375,1
-9.8183,2.3667,1
-9.4316,2.2906,1
4.8154,6.5294,1
-1.1224,8.1076,1
7.7735,6.0456,1
-5.4684,5.0072,1
-3.2148,7.0261,1
-1.0241,7.1032,1
-7.2975,2.3363,1
-8.8361,6.7343,1
-4.9634,9.2508,1
9.8484,2.0779,1
0.61099,12.602,1
8.1885,7.6195,1
-0.30652,7.0774,1
-7.3005,8.4909,1
-9.7256,0.97536,1
11.501,2.4,1
-8.6141,4.351,1
8.1394,3.0204,1
-5.3114,10.399,1
2.3189,7.257,1
10.275,5.3119,1
-6.9487,6.0873,1
-10.059,5.1005,1
8.0707,9.3867,1
8.9948,1.8967,1
-9.4438,5.2545,1
-3.7785,9.7862,1
-0.99755,11.004,1
8.0986,7.8078,1
6.3546,7.0286,1
-10.321,4.681,1
8.5177,8.698,1
-9.7842,1.9538,1
-6.6767,2.8415,1
8.5783,7.0793,1
10.584,1.5728,1
-7.6764,2.2926,1
-9.4828,4.5564,1
-2.18,11.372,1
2.8349,8.5112,1
0.4875,7.4234,1
-3.4777,9.5672,1
-3.4538,6.0979,1
3.5034,10.277,1
-2.1117,8.8428,1
-3.533,7.7926,1
1.6753,7.3337,1
9.0264,5.8531,1
-8.4802,6.7732,1
-0.72435,8.9325,1
-7.279,0.76468,1
5.8015,9.8327,1
3.4253,12.534,1
10.477,0.13529,1
9.4222,4.7241,1
1.5952,11.923,1
9.3143,2.5832,1
10.857,2.092,1
5.1414,6.5601,1
8.1019,3.5103,1
0.15016,7.0029,1
8.5521,0.37075,1
5.302,8.8774,1
-5.5026,10.18,1
-0.12023,7.4438,1
-6.9383,4.0142,1
3.6219,6.8746,1
7.0291,7.3854,1
4.2069,10.918,1
2.4146,6.7517,1
9.0951,8.3269,1
-7.1145,0.37394,1
-6.2482,8.1846,1
4.6929,6.6621,1
8.4783,5.7095,1
3.0032,8.8568,1
-5.871,4.6954,1
7.1494,6.2012,1
-4.43,7.3248,1
2.5891,7.7329,1
-4.0976,8.149,1
7.783,1.5743,1
3.209,9.8109,1
-7.7446,2.745,1
-7.8817,3.3869,1
2.1489,6.6749,1
5.2099,10.692,1
-5.732,5.1106,1
-6.049,5.2056,1
-1.1627,10.39,1
9.9029,2.306,1
8.1877,8.2427,1
-5.2593,9.4581,1
0.7353,8.7359,1
-10.79,4.2032,1
-5.2671,6.4131,1
-12.142,1.8495,1
-7.9096,0.44383,1
9.146,6.1597,1
7.2791,4.6223,1
3.1726,6.7518,1
-3.1988,10.979,1
-7.2969,1.7594,1
9.7935,0.084766,1
-10.238,2.4624,1
8.1105,4.9932,1
7.8284,0.78495,1
1.1095,8.3498,1
-9.7148,2.1307,1
10.882,6.6072,1
3.6531,6.7362,1
1.1042,10.047,1
-7.2117,4.2094,1
11.089,6.2016,1
-7.9982,1.2665,1
6.2492,8.9826,1
-2.902,7.1055,1
7.773,6.9621,1
11.562,2.7062,1
-10.399,2.1905,1
7.9006,9.2122,1
7.427,2.8619,1
7.1326,8.9243,1
11.281,0.72461,1
-0.98897,10.153,1
6.3173,6.2548,1
-11.756,0.68215,1
8.2087,6.4921,1
7.1114,7.02,1
6.5262,7.6993,1
-7.7648,6.2975,1
2.3113,8.0075,1
-0.35013,9.3827,1
-0.17942,8.6837,1
11.526,2.4279,1
-6.5689,6.3061,1
-1.2012,7.8529,1
-8.4535,1.7436,1
-4.691,6.1226,1
10.016,1.7458,1
-6.12,6.6552,1
10.523,1.0232,1
7.2625,8.0999,1
-8.1248,9.8378,1
10.577,4.9693,1
-11.789,0.86303,1
-4.9352,5.6075,1
-6.5987,6.9367,1
-1.1111,9.2534,1
-9.0514,7.0382,1
-12.11,3.573,1
-9.9842,0.74093,1
-4.673,11.38,1
-4.908,7.6494,1
6.2182,10.006,1
1.5053,10.528,1
-7.3149,5.3982,1
-6.9357,5.609,1
-3.5445,12.431,1
-9.204,6.5591,1
-6.5537,2.6032,1
-8.9651,6.0636,1
-7.6726,0.18103,1
-2.7849,11.825,1
0.046006,10.844,1
7.5721,0.81071,1
-7.1211,5.1577,1
-10.84,4.1091,1
-1.667,8.7074,1
9.3647,6.8761,1
-1.5652,12.451,1
-1.3586,12.502,1
9.0754,4.8242,1
3.9182,7.6145,1
12.121,1.612,1
-4.8633,10.36,1
-8.3147,0.65146,1
-0.041812,11.444,1
-7.2303,6.1713,1
8.1453,3.3603,1
1.2567,7.4432,1
-1.8834,11.584,1
0.95286,12.212,1
4.6521,6.0758,1
-2.1925,8.4571,1
-2.6692,11.132,1
-8.7521,1.8798,1
-7.4559,5.6848,1
9.7534,2.9736,1
-7.5364,6.8059,1
-5.6275,10.16,1
-12.28,3.107,1
5.0274,5.523,1
1.8475,12.158,1
-11.582,0.16515,1
8.7899,7.4606,1
0.73885,11.076,1
4.7396,5.9382,1
-3.2735,6.4153,1
-8.3043,2.3094,1
-8.897,5.3603,1
-12.393,0.091711,1
-4.7303,5.9517,1
6.4278,5.4581,1
6.6195,5.8035,1
-5.9271,4.7048,1
-1.6084,10.106,1
-8.9859,4.2929,1
5.0712,10.299,1
1.8817,11.748,1
-5.0987,5.319,1
1.7448,12.635,1
0.88925,7.2828,1
11.285,3.2316,1
8.7364,0.18692,1
-5.2265,8.3475,1
7.6626,4.9784,1
1.5742,8.5759,1
-9.9248,6.9593,1
-7.4841,8.0122,1
-4.2768,7.8865,1
-9.9991,1.6844,1
11.006,5.3721,1
-6.3016,8.947,1
-9.6185,8.289,1
10.177,3.32,1
6.5023,3.2148,1
3.6648,7.8363,1
0.65356,7.3554,1
-9.8922,4.9656,1
-7.4567,7.9207,1
7.6528,9.9759,1
-5.3587,6.5296,1
-1.5103,9.0024,1
-1.7185,8.7907,1
-10.143,1.4372,1
4.8175,10.503,1
11.257,3.8994,1
5.8971,8.834,1
0.077832,10.077,1
-11.457,6.1181,1
-0.63442,9.4744,1
0.68351,9.1259,1
6.3505,5.0859,1
9.6022,5.6579,1
-11.401,1.9444,1
-7.3912,5.7024,1
1.2337,7.0446,1
8.502,5.107,1
0.53468,7.304,1
-9.4006,2.6632,1
3.7716,10.701,1
4.4868,9.8415,1
7.0335,4.0317,1
-2.0224,8.5783,1
4.2669,8.0929,1
9.2123,1.7358,1
12.646,0.83404,1
-3.2025,8.9781,1
-11.774,0.099325,1
8.4038,4.8199,1
-4.5933,7.8443,1
-11.265,5.8227,1
0.87812,8.0335,1
9.5037,5.9648,1
1.6317,11.611,1
5.0655,10.93,1
1.8443,10.366,1
1.2531,11.063,1
4.0466,9.3232,1
6.9704,2.7782,1
10.66,5.7238,1
-11.992,3.4606,1
6.1396,5.2383,1
-5.8184,10.894,1
-9.4801,3.5943,1
4.1324,7.1582,1
1.5425,12.082,1
-7.8189,3.9325,1
-11.763,4.4571,1
-2.0639,12.406,1
-7.7129,5.1767,1
-4.3735,5.7446,1
2.53,10.368,1
10.314,2.3498,1
7.2353,2.7649,1
3.7568,12.028,1
7.3408,0.48505,1
6.5775,8.3147,1
-5.0224,8.1554,1
-2.0305,11.644,1
4.9693,10.458,1
12.233,0.48917,1
-7.6883,10.112,1
-6.6791,4.2529,1
9.1661,1.4419,1
5.2276,11.826,1
8.9833,0.15053,1
-9.561,3.3096,1
-6.7499,3.7502,1
11.63,1.4271,1
-9.1682,7.7806,1
-8.0935,1.6759,1
10.199,4.7179,1
9.545,1.3781,1
3.9801,7.7676,1
10.355,0.78548,1
4.9016,9.3095,1
-1.8718,9.8892,1
-11.077,0.60355,1
-7.9812,5.7841,1
-5.4263,10.869,1
-7.5262,4.7789,1
3.4678,9.1432,1
-1.3569,8.7508,1
-5.0228,9.4566,1
-9.1398,7.1461,1
7.1768,9.4438,1
10.656,4.0494,1
9.9044,7.3926,1
-7.0198,0.072256,1
-3.3612,8.5185,1
-8.4802,9.2877,1
-9.2136,3.9803,1
-4.0705,7.4694,1
7.9309,0.476,1
-6.0741,5.437,1
-5.3043,6.1645,1
-1.7268,8.8887,1
-7.7385,4.153,1
-7.6808,9.95,1
-9.3213,0.64568,1
-3.828,10.131,1
-10.356,7.0196,1
-5.0027,7.3238,1
-10.414,0.72673,1
8.7982,2.4451,1
-7.7485,0.19669,1
10.645,7.2787,1
-1.2939,9.1705,1
-6.0619,3.9959,1
-7.6694,2.0197,1
1.0068,9.1124,1
-5.3273,11.358,1
5.3772,6.916,1
10.935,1.0826,1
-8.4235,2.1032,1
3.692,6.7498,1
-1.7822,12.009,1
-2.0131,8.3027,1
-0.20627,8.0004,1
6.162,8.0043,1
5.9439,6.1443,1
1.7815,10.873,1
-7.3308,2.946,1
-9.7521,0.92963,1
7.957,1.2706,1
-2.6983,11.801,1
9.1954,7.8703,1
10.185,7.9841,1
-3.3973,11.607,1
-0.77715,7.2153,1
-5.543,8.6033,1
-8.3778,7.0828,1
-7.2926,8.6609,1
-2.0242,10.481,1
-6.3298,10.49,1
5.7095,10.12,1
-12.841,0.99534,1
-7.5623,3.2668,1
-11.109,6.6258,1
-8.6885,1.4308,1
8.8694,9.4741,1
-4.4693,9.4131,1
9.1089,2.0289,1
1.2498,9.8778,1
7.4936,3.1133,1
8.0273,1.251,1
-11.4,4.319,1
-2.719,10.546,1
9.8159,8.5165,1
-5.3645,6.5991,1
-12.686,2.65,1
2.7861,11.376,1
2.2251,9.9933,1
-3.3801,8.6421,1
-6.3554,10.637,1
5.6641,7.4981,1
4.5281,5.6866,1
7.191,0.77492,1
3.4428,8.6304,1
-7.5568,10.396,1
7.5511,3.2207,1
10.673,2.5351,1
10.829,3.1379,1
-2.6933,6.5551,1
-3.477,9.0045,1
4.2884,7.6681,1
-5.3792,9.3105,1
3.6479,8.2672,1
-11.937,0.72348,1
-0.32545,8.8669,1
5.0345,10.096,1
-4.1492,6.1401,1
-2.7731,6.5334,1
-11.624,0.12817,1
-11.009,0.85688,1
-5.699,5.2356,1
-10.79,4.3259,1
-7.5883,0.2937,1
-8.4886,4.6703,1
-10.973,1.7442,1
5.3049,10.482,1
-0.92408,8.5486,1
2.7857,6.7729,1
-4.734,10.775,1
-8.5108,0.04596,1
-1.6421,8.1862,1
9.2735,1.2294,1
-5.4322,4.5556,1
7.3836,3.5609,1
7.3464,5.628,1
4.6981,9.4925,1
5.8883,9.8701,1
-2.0575,7.7064,1
3.5884,8.5909,1
-7.2388,0.82551,1
-11.39,1.2128,1
2.6079,10.364,1
4.7581,12.053,1
-4.5471,10.901,1
9.8658,7.1054,1
-9.1734,6.2296,1
-5.6355,5.8612,1
6.6488,6.9789,1
6.9107,6.6651,1
-9.4358,5.7729,1
7.7341,8.1196,1
9.3073,3.7652,1
-7.4755,9.3958,1
-6.8825,4.2072,1
-8.5974,0.93889,1
-3.1603,10.313,1
-3.9179,8.5588,1
-11.007,1.1973,1
-2.5952,12.222,1
9.4809,1.9578,1
11.25,1.8211,1
-7.7793,3.9542,1
-10.729,4.1546,1
-9.3363,1.5945,1
-6.9353,1.7034,1
3.1028,7.8155,1
-6.763,2.8915,1
-2.2108,9.0676,1
8.0942,5.4152,1
-8.241,0.18398,1
-9.6603,3.3948,1
9.163,0.60638,1
1.8905,7.6786,1
-8.6922,5.0032,1
-3.6562,7.1123,1
2.7729,10.792,1
-8.0932,8.0803,1
8.1274,1.7644,1
4.9801,10.189,1
-12.524,1.6789,1
-8.1897,1.567,1
2.1068,11.727,1
11.565,2.9679,1
4.5832,10.529,1
11.725,1.7956,1
3.9829,11.965,1
0.88249,7.4393,1
-4.3619,11.717,1
5.4859,11.292,1
-9.0272,6.8402,1
-7.845,0.15492,1
-8.5058,2.8771,1
10.037,4.2092,1
1.0601,7.4954,1
10.798,0.8942,1
-10.664,0.79808,1
-4.9226,7.2939,1
6.6281,2.9909,1
5.7263,6.2307,1
-7.2489,1.0124,1
-3.3134,7.7174,1
-2.7902,10.707,1
8.1886,3.414,1
-3.823,6.1029,1
-1.7908,11.398,1
-0.70632,7.883,1
-7.5358,10.028,1
6.888,5.9669,1
-10.177,5.2585,1
-0.075419,12.836,1
-3.4387,9.6714,1
-1.7107,8.9076,1
-11.659,2.1377,1
8.3977,3.337,1
-7.9063,9.5502,1
-11.393,2.6865,1
1.261,8.1491,1
-5.7043,4.8133,1
6.9894,6.5577,1
6.6895,9.3097,1
-7.8339,1.7311,1
1.2369,11.458,1
6.9704,6.2056,1
7.0667,1.8415,1
1.5313,9.5531,1
1.0395,6.9721,1
-7.789,3.0579,1
-9.572,0.99464,1
4.9119,10.732,1
-11.465,0.59132,1
7.717,2.0843,1
10.715,2.8932,1
-8.0603,1.3085,1
-7.3484,9.6986,1
-3.7948,6.3659,1
0.84713,12.797,1
7.7266,3.6422,1
-8.0892,9.2143,1
7.4903,0.2613,1
-7.265,4.2137,1
-9.4419,3.3383,1
11.425,5.5739,1
9.5268,3.3925,1
11.253,1.0036,1
8.1057,7.2351,1
-9.1688,4.1758,1
4.496,6.175,1
-8.3746,3.4917,1
-5.4007,9.9999,1
-1.8183,10.682,1
-11.62,3.4172,1
-0.065463,12.512,1
-9.661,1.0144,1
1.9906,9.1307,1
4.552,7.0039,1
11.957,3.7339,1
-8.7468,6.4498,1
-8.1408,4.2929,1
-4.4643,11.472,1
10.374,2.9351,1
7.8631,8.8422,1
8.9688,7.1523,1
5.3704,8.1748,1
5.59,7.0175,1
1.8045,9.9731,1
-9.553,1.3965,1
4.4625,11.398,1
6.913,1.3508,1
-12.119,3.4893,1
-1.0652,8.0662,1
7.8258,9.639,1
-0.75143,9.757,1
-12.276,1.3369,1
-4.5245,6.2217,1
-10.297,1.7339,1
10.305,-5.5328,0
8.1921,-4.0013,0
1.0507,4.8549,0
1.2947,2.237,0
8.8398,-4.5841,0
20.022,1.7753,0
11.954,-3.261,0
19.327,-0.58644,0
1.2941,1.1199,0
-0.46728,2.7481,0
2.7998,-1.5644,0
12.182,-6.118,0
1.3394,0.19096,0
9.9183,-7.7871,0
5.3231,-1.185,0
22.675,3.6538,0
12.318,-2.622,0
9.188,-2.4933,0
17.086,-3.3678,0
19.877,-2.6442,0
10.597,-5.9064,0
18.941,-4.0481,0
5.4606,-3.5054,0
4.2963,-1.4024,0
21.406,0.21476,0
9.2962,-6.85,0
-1.0078,-1.5783,0
13.031,-7.3331,0
18.699,1.543,0
0.99216,-4.3114,0
8.0098,-4.047,0
2.6987,3.2093,0
4.0141,-1.2243,0
1.411,-4.751,0
20.04,3.5824,0
2.9258,-0.056023,0
7.5106,-4.2772,0
5.5272,-2.5714,0
14.4,-5.1788,0
13.43,-4.6579,0
17.669,1.115,0
-1.9531,4.1537,0
17.725,3.0337,0
17.731,-3.9587,0
16.833,0.79065,0
10.029,-3.2974,0
17.559,1.5243,0
2.4592,-3.2505,0
16.501,-2.5362,0
15.967,0.14019,0
12.572,-6.1001,0
15.541,-0.60627,0
14.266,-6.7544,0
4.8344,-5.5299,0
9.4001,-2.7766,0
1.4151,-1.0469,0
-0.076797,-3.0544,0
3.19,3.2467,0
14.804,-1.1689,0
8.5326,-2.8691,0
14.878,-2.5535,0
8.1363,-4.1659,0
2.9103,0.55115,0
2.792,3.2597,0
17.095,1.1815,0
16.48,1.948,0
7.0789,-6.9732,0
5.1872,-0.37955,0
8.8526,-3.2312,0
4.8574,-2.9159,0
20.022,1.6238,0
9.2878,-4.6904,0
6.6556,-2.126,0
19.67,-0.6141,0
5.9137,-2.581,0
17.03,0.22022,0
17.934,3.1985,0
0.63017,-1.9025,0
16.546,-4.1855,0
17.654,0.083781,0
-0.92956,1.6373,0
16.692,1.6099,0
3.479,-2.1814,0
1.3248,3.4954,0
6.4893,-3.8192,0
8.7322,-2.4385,0
16.106,-5.1201,0
12.274,-3.8471,0
11.092,-6.4634,0
21.552,4.1226,0
15.793,-1.2646,0
15.695,-5.3694,0
9.1795,-4.4013,0
15.14,-1.1017,0
17.666,2.8611,0
10.729,-4.4735,0
8.0093,-5.528,0
9.0325,-4.7753,0
15.696,-3.6724,0
15.454,-2.9314,0
9.82,-2.7286,0
3.4956,0.26933,0
-0.75931,2.9628,0
20.002,-1.2277,0
-0.089006,3.2945,0
16.659,0.4348,0
10.076,-7.8995,0
10.236,-2.6363,0
-1.7028,1.2582,0
4.1676,1.0956,0
3.0568,-3.4654,0
7.6249,-4.6466,0
12.17,-2.2398,0
11.329,-4.0867,0
11.89,-6.5983,0
3.9522,-2.1281,0
18.447,0.16658,0
0.37578,-1.9112,0
3.847,-0.16043,0
4.9009,-3.0987,0
12.45,-5.9481,0
13.283,-2.5608,0
-1.4819,1.6455,0
5.2645,-6.6153,0
15.139,-5.7459,0
12.394,-2.1572,0
1.2951,-2.6384,0
5.1863,-2.8871,0
9.3717,-5.0971,0
5.654,-6.953,0
15.886,-3.9679,0
16.238,-2.9555,0
1.8607,-0.68112,0
12.71,-4.98,0
0.41617,-2.9658,0
12.055,-4.287,0
-0.21474,-2.2232,0
17.708,2.5759,0
14.935,-6.6421,0
15.907,-1.8816,0
0.077217,-0.46422,0
5.887,-6.4967,0
2.2253,3.8348,0
6.463,-2.0558,0
18.91,1.8322,0
5.7641,-4.9579,0
7.9204,-2.9794,0
20.177,0.52068,0
4.6173,-1.376,0
10.543,-3.6972,0
11.808,-7.5388,0
12.029,-4.8565,0
22.215,2.6604,0
19.838,-0.95675,0
9.203,-4.942,0
0.33641,3.0564,0
12.229,-2.1224,0
7.2732,-7.5448,0
17.721,-0.15586,0
7.54,-3.2853,0
0.42086,-1.167,0
12.828,-7.0416,0
16.809,-0.53919,0
-1.8184,3.2543,0
12.292,-7.4092,0
16.721,0.99184,0
6.8977,-6.9031,0
5.346,-4.2741,0
15.721,-4.7084,0
4.0816,-3.4951,0
11.881,-3.7396,0
8.3101,-7.3531,0
6.4567,-3.651,0
10.762,-2.703,0
7.4042,-4.6195,0
18.614,2.126,0
11.319,-3.3473,0
18.81,-4.1379,0
21.502,-0.86096,0
15.133,-2.6746,0
16.867,-4.9856,0
-2.2413,1.0297,0
16.8,-4.7427,0
5.4104,-1.1605,0
17.477,1.1196,0
18.863,2.7434,0
4.9931,-5.0991,0
3.2254,-2.3972,0
17.809,-5.3509,0
2.7816,-0.17142,0
4.5299,-4.962,0
10.782,-6.809,0
6.4265,-7.144,0
7.3248,-3.911,0
4.8458,-5.5592,0
9.6372,-3.9265,0
0.10338,-1.3472,0
20.324,4.4107,0
1.008,4.2388,0
9.8027,-5.5106,0
22.249,1.383,0
14.815,-2.9313,0
5.0912,-0.59525,0
1.5333,-1.3971,0
6.0094,-1.764,0
12.274,-3.6696,0
21.957,3.1042,0
2.211,1.7498,0
11.981,-4.808,0
21.225,1.7046,0
-1.9096,3.9995,0
15.708,-0.63676,0
-1.2947,2.2617,0
1.144,-3.7448,0
5.0148,-5.3298,0
2.7796,-2.8233,0
-0.35899,2.3667,0
9.5646,-4.9948,0
3.0418,4.1215,0
7.2271,-6.2618,0
16.45,-2.0595,0
0.86692,2.2129,0
1.5671,3.9624,0
5.2081,-0.68913,0
0.75825,2.7935,0
17.486,-3.5971,0
10.767,-5.0017,0
1.1829,3.6459,0
9.1091,-2.4102,0
8.6395,-5.2384,0
13.523,-6.1096,0
18.181,-0.27553,0
20.493,0.33578,0
17.541,-2.0868,0
3.4389,-5.6655,0
8.7085,-2.3852,0
15.196,-6.4877,0
13.02,-2.9666,0
7.7569,-7.6971,0
15.258,-3.6022,0
17.91,0.91076,0
-0.51451,4.1055,0
9.2735,-6.4112,0
4.0355,-0.52744,0
18.722,1.7268,0
5.07,-4.4448,0
7.9585,-2.0484,0
7.6697,-1.9458,0
-0.50397,0.044147,0
21.225,0.48371,0
3.2208,-2.4015,0
2.5345,4.8673,0
20.611,-0.78944,0
10.559,-5.7187,0
12.872,-4.869,0
1.0878,2.8354,0
17.245,4.0116,0
18.78,-0.17671,0
16.552,-4.7823,0
4.1952,0.83582,0
15.558,-1.1155,0
22.047,4.1699,0
20.464,-1.3579,0
17.706,3.362,0
3.7697,-0.47518,0
0.093463,3.9881,0
13.142,-3.6121,0
3.1023,0.83592,0
6.751,-1.3931,0
4.3128,-1.3331,0
12.354,-4.3417,0
5.0859,-5.0938,0
14.046,-1.7457,0
17.73,4.5862,0
21.176,1.2723,0
2.2889,-2.3142,0
9.5455,-2.0309,0
2.1199,0.41357,0
8.1055,-4.4022,0
5.4194,-6.7861,0
7.1773,-3.3179,0
17.517,1.9027,0
-1.2386,2.6187,0
4.1697,-0.047575,0
2.7957,-0.0053484,0
18.572,1.0949,0
4.3036,-1.682,0
20.414,-2.0556,0
13.335,-6.5194,0
16.239,-2.8442,0
3.3522,-0.95957,0
1.4603,3.7302,0
8.2847,-3.5339,0
18.611,-4.6495,0
-0.87983,4.4961,0
9.0801,-6.5796,0
8.672,-7.3461,0
11.936,-4.7618,0
14.266,-1.8246,0
9.9557,-4.0643,0
17.665,0.73885,0
21.427,4.2407,0
7.1794,-5.255,0
15.688,-1.61,0
6.7079,-4.7838,0
4.3206,-5.5889,0
18.173,-1.2575,0
-2.688,3.3863,0
11.806,-6.5173,0
17.854,2.7665,0
-0.57092,2.8582,0
-0.83563,3.9262,0
3.8645,-1.0969,0
2.4468,-3.1309,0
13.483,-3.3831,0
-2.2058,3.6644,0
13.689,-7.4274,0
17.003,2.5263,0
14.689,-7.0698,0
11.789,-3.6353,0
16.51,0.33269,0
3.4983,1.302,0
7.0834,-2.719,0
19.578,0.54558,0
11.734,-7.5269,0
4.0036,0.84865,0
11.366,-2.8664,0
14.152,-3.1721,0
2.6791,0.45436,0
1.173,-1.2966,0
16.225,0.87965,0
11.409,-5.8406,0
2.2233,-2.2531,0
14.29,-3.4859,0
19.533,2.3465,0
12.622,-3.5915,0
9.0356,-5.5027,0
0.33977,-3.5641,0
8.8209,-4.8578,0
2.2942,3.4354,0
1.5653,2.8371,0
5.186,-5.9337,0
15.191,-5.9821,0
11.641,-3.5404,0
10.678,-4.6417,0
18.762,1.0794,0
15.467,-1.1818,0
22.494,4.0909,0
17.237,2.1499,0
16.505,-2.8624,0
2.1921,-2.1756,0
18.694,2.8368,0
5.1875,-5.5119,0
13.946,-4.5133,0
15.469,-4.4972,0
7.8191,-3.6945,0
-0.31634,4.0748,0
2.8502,1.1768,0
-1.1262,3.889,0
16.681,0.18163,0
18.705,3.9061,0
17.364,-3.1734,0
17.536,1.5368,0
-1.2704,-1.4164,0
16.687,-4.8863,0
20.127,-2.532,0
2.8571,0.58296,0
6.544,-5.0349,0
2.0617,-4.3547,0
14.303,-2.2384,0
17.827,4.3103,0
0.072097,-0.16142,0
4.0318,-5.4649,0
19.137,4.2509,0
10.244,-2.2968,0
7.7576,-3.9659,0
7.8652,-2.1745,0
15.858,-2.1049,0
20.065,0.71323,0
17.523,0.22444,0
-0.67481,2.9413,0
15.206,-4.9195,0
19.026,-3.6439,0
11.389,-5.1839,0
11.451,-4.3426,0
16.462,-0.64024,0
17.702,3.3454,0
9.807,-7.9909,0
4.2536,-0.70056,0
9.3084,-7.7924,0
15.969,-5.81,0
0.054047,2.6368,0
22.2,2.2279,0
20.167,3.6174,0
22.681,2.8306,0
16.573,-3.8199,0
12.106,-5.8075,0
16.085,-1.9489,0
11.749,-7.285,0
1.3128,3.4932,0
2.6238,-0.18056,0
2.2822,-2.7056,0
12.734,-3.8662,0
2.4528,1.4076,0
7.6397,-6.9698,0
4.0997,-3.9038,0
2.4539,2.4644,0
-0.72795,1.3048,0
5.6397,-4.7618,0
8.4219,-5.9061,0
0.86367,-1.3969,0
-0.51129,-0.42688,0
-0.90479,-0.1521,0
18.418,-4.0387,0
2.9178,2.4327,0
21.529,-0.72661,0
16.351,1.6194,0
11.918,-6.7066,0
14.067,-3.1329,0
17.571,0.34434,0
16.879,-2.4216,0
19.198,-0.35965,0
17.475,-1.6611,0
6.875,-3.9189,0
17.188,4.5055,0
7.4948,-5.2962,0
17.772,-2.0991,0
12.974,-6.3783,0
5.6315,-4.4102,0
19.826,2.6341,0
19.955,4.7962,0
18.321,-0.76508,0
15.051,-4.7254,0
2.4051,0.64722,0
14.188,-6.9817,0
8.1445,-5.0816,0
19.154,2.0845,0
19.019,0.83485,0
-0.50118,2.7618,0
5.1379,-3.741,0
18.815,2.9807,0
0.31577,1.5779,0
3.7729,1.0485,0
3.1982,-2.6154,0
18.761,-1.4603,0
8.0968,-5.0074,0
16.966,-0.36141,0
19.83,3.3703,0
15.993,-3.6374,0
12.777,-5.5343,0
13.467,-4.0521,0
2.949,2.1598,0
0.67113,3.503,0
10.447,-2.5766,0
10.879,-6.6772,0
11.066,-4.3179,0
3.4218,0.20228,0
14.348,-4.4761,0
1.3545,-4.4494,0
1.8323,3.4144,0
2.375,0.59412,0
3.1956,3.2275,0
-0.54036,-2.2395,0
11.484,-2.9227,0
15.253,-4.1097,0
17.24,2.159,0
11.813,-5.5828,0
16.255,-1.0518,0
20.249,0.84882,0
2.4115,-1.9739,0
9.3666,-4.2275,0
17.962,-2.194,0
10.638,-6.7783,0
1.1116,0.08461,0
1.7909,-1.2255,0
9.0658,-7.4045,0
13.142,-4.5373,0
17.219,4.8343,0
5.2632,-2.7173,0
18.643,4.4609,0
18.573,2.1809,0
3.272,2.3863,0
6.9266,-3.9666,0
8.8172,-6.572,0
9.3752,-5.0918,0
0.71442,-3.7827,0
2.6964,-3.5999,0
2.2759,1.8072,0
17.255,-2.5779,0
-0.11938,4.3564,0
4.0868,-4.7003,0
19.48,3.9725,0
3.7273,-1.2384,0
3.893,1.0588,0
-0.12981,0.96704,0
20.86,2.5427,0
2.9175,-5.6754,0
11.599,-4.1615,0
19.025,-0.92018,0
6.5963,-1.642,0
17.067,-5.6732,0
20.141,-2.9821,0
5.2285,-5.7136,0
20.566,3.5975,0
-0.18753,-0.33975,0
6.3727,-4.9466,0
9.8525,-3.2904,0
3.2024,1.07,0
2.3814,-2.7033,0
-1.0167,4.6889,0
22.45,2.3136,0
17.141,3.8194,0
3.3011,0.48043,0
-0.070972,-2.939,0
1.0609,-2.9441,0
14.638,-0.68121,0
7.8925,-1.769,0
22.168,0.56781,0
3.7837,-4.6076,0
3.2019,-3.6739,0
-1.0027,0.86832,0
10.437,-3.133,0
-0.56627,1.183,0
5.4385,-0.50596,0
19.743,-3.201,0
5.9497,-3.2659,0
14.657,-0.27539,0
4.7515,-3.6521,0
2.7525,3.8893,0
6.5196,-6.5376,0
16.69,-4.1215,0
14.945,-6.5071,0
-2.606,3.3496,0
8.6282,-2.4981,0
10.496,-3.1501,0
3.9167,0.87915,0
1.0406,0.00013055,0
20.514,3.8608,0
12.873,-2.1037,0
4.3779,-0.39418,0
8.3729,-3.4037,0
16.552,-5.0016,0
3.6278,-1.7562,0
10.822,-4.3025,0
7.3811,-3.3848,0
7.1979,-1.6473,0
10.91,-4.7005,0
11.279,-2.9359,0
3.8074,-1.2177,0
3.9977,-1.2648,0
20.027,1.8516,0
10.346,-2.4248,0
-0.27877,2.2237,0
6.3281,-7.3501,0
6.7693,-3.363,0
9.299,-6.4997,0
12.602,-2.0431,0
20.252,3.3046,0
17.378,-4.8898,0
6.6123,-4.492,0
0.56414,4.1558,0
17.966,-3.7054,0
12.343,-3.2556,0
8.6555,-3.5845,0
0.95727,-2.9091,0
11.377,-6.8298,0
13.813,-2.5324,0
3.7573,1.1022,0
2.7248,0.35581,0
16.312,-4.2721,0
0.30235,1.2925,0
19.768,3.4251,0
4.8695,-0.43506,0
11.292,-3.5007,0
2.2059,-1.8387,0
5.1129,-1.3516,0
3.0551,-2.5269,0
0.42674,-0.23359,0
0.77347,-0.2383,0
22.711,3.3557,0
2.1224,0.59973,0
20.509,2.7739,0
-1.2994,3.2578,0
13.799,-5.7165,0
4.5294,-2.5508,0
13.843,-3.9762,0
14.545,-5.903,0
9.06,-4.4323,0
0.16137,4.6998,0
15.871,-1.8972,0
2.8145,1.3011,0
20.83,3.5327,0
9.9641,-4.8089,0
1.6227,0.26774,0
9.0914,-5.2524,0
-0.2244,1.8299,0
14.479,-0.64999,0
16.923,-1.2045,0
-1.4453,3.1745,0
4.5748,-5.4762,0
1.2717,-3.8033,0
19.21,1.9952,0
20.826,4.9089,0
1.2857,-2.7768,0
17.915,-2.507,0
19.884,-0.84091,0
21.498,1.0415,0
3.3645,0.2008,0
2.7834,4.4425,0
19.112,-3.4159,0
4.6453,-3.1247,0
17.656,-1.9923,0
15.1,-0.18576,0
8.7914,-4.3678,0
17.161,-1.0079,0
13.61,-5.2719,0
10.155,-5.3926,0
20.356,4.767,0
2.0819,-3.5949,0
7.3833,-2.2137,0
13.965,-2.0313,0
12.842,-3.1622,0
7.527,-6.0523,0
3.7098,-5.4264,0
6.5961,-4.6738,0
10.723,-5.2192,0
3.8572,1.4666,0
13.25,-6.38,0
13.2,-3.7985,0
1.0924,3.2718,0
-2.2585,0.74214,0
8.8963,-1.9373,0
7.3005,-4.9536,0
-0.5468,2.2776,0
12.984,-2.3657,0
7.7822,-2.4397,0
7.9034,-6.6009,0
-2.7235,2.8078,0
-1.3091,2.0058,0
6.0779,-2.8475,0
15.436,-2.5408,0
7.0949,-4.9592,0
16.622,-3.9229,0
2.4067,-0.76065,0
17.975,3.1559,0
20.554,-0.0099777,0
5.8918,-4.938,0
9.1495,-6.7446,0
14.721,-2.2361,0
3.0905,-1.7762,0
7.4664,-1.7778,0
4.8838,-5.7421,0
5.6549,-0.69143,0
1.5131,0.91639,0
14.906,-3.9256,0
2.631,2.8912,0
6.2224,-3.8549,0
5.7355,-2.8428,0
-1.5922,0.041666,0
-1.3917,0.70995,0
15.173,-6.1367,0
0.82543,4.5385,0
20.548,2.5856,0
14.677,-1.9746,0
8.4052,-5.1089,0
18.451,-4.4889,0
18.801,-2.9469,0
20.094,-3.0538,0
-1.7331,3.2082,0
1.3003,-1.8514,0
19.412,-0.15352,0
10.178,-3.8899,0
16.863,1.7205,0
9.1708,-7.8032,0
12.749,-2.0517,0
15.512,-3.0996,0
10.438,-4.5674,0
-1.7984,4.4458,0
20.439,2.7011,0
19.316,-1.1536,0
-1.8801,-0.043719,0
-1.3117,4.5932,0
10.343,-2.467,0
4.8631,-0.37241,0
0.7852,-3.7135,0
4.802,-5.6953,0
8.8436,-4.3499,0
13.128,-3.0974,0
6.2707,-4.493,0
1.1679,-0.54718,0
0.95019,-1.2814,0
4.2574,-5.3851,0
16.208,0.61375,0
11.009,-5.3832,0
20,-1.0623,0
10.196,-5.0981,0
18.574,-1.0917,0
8.3876,-5.1647,0
14.905,-2.761,0
14.096,-2.2917,0
10.832,-6.0967,0
22.599,3.5034,0
12.345,-6.0311,0
18.153,4.672,0
16.067,-4.8263,0
7.3345,-6.327,0
9.7952,-7.882,0
20.517,4.2949,0
1.0304,4.0676,0
11.825,-3.0786,0
20.995,-0.078748,0
22.037,1.5985,0
6.0788,-1.2812,0
5.0067,-3.3125,0
18.401,-0.88581,0
5.8488,-1.6075,0
12.162,-3.297,0
2.3355,3.5791,0
3.9064,0.67776,0
0.53422,-1.6839,0
4.9279,-5.9378,0
7.7965,-4.9264,0
10.61,-4.2355,0
2.9102,3.5425,0
1.034,-2.7068,0
3.5824,-1.7681,0
15.204,-0.1545,0
14.133,-1.254,0
13.393,-1.606,0
3.6351,1.4796,0
1.3312,-3.2488,0
11.623,-5.9875,0
20.068,-2.4782,0
19.245,4.7096,0
7.7862,-5.2863,0
8.4015,-4.5913,0
2.3284,-1.6062,0
6.9477,-1.4758,0
4.033,-1.9555,0
7.7593,-7.1702,0
18.236,-1.2354,0
-2.3211,1.727,0
2.5261,4.6336,0
15.62,-2.6139,0
19.36,2.9121,0
3.5976,-2.1385,0
-0.50526,3.0018,0
9.4334,-4.8143,0
18.547,4.7269,0
3.976,-2.6682,0
14.856,-2.4236,0
15.374,-3.8922,0
11.649,-6.7857,0
0.62763,-3.1957,0
3.1951,-3.5026,0
4.8513,-6.5827,0
16.891,1.1244,0
7.5035,-4.8655,0
16.489,0.15382,0
2.5009,3.397,0
8.1584,-1.887,0
6.9918,-5.881,0
4.1009,-4.7446,0
3.3783,0.54149,0
20.308,3.5934,0
-1.2868,1.0343,0
21.438,1.4513,0
1.2552,2.7524,0
-2.522,2.3001,0
18.499,-4.0134,0
11.567,-2.6552,0
8.4295,-2.9268,0
10.212,-3.175,0
5.1891,-3.2044,0
3.6567,-3.7182,0
-1.75,1.5708,0
9.8014,-3.4848,0
14.767,-1.2852,0
9.0635,-2.1156,0
2.9036,1.395,0
1.4576,4.2195,0
19.383,-0.4599,0
16.916,3.8623,0
18.732,-0.39462,0
1.2826,1.8804,0
6.9536,-1.5132,0
20.266,-1.5863,0
4.2086,-6.2194,0
17.351,-2.212,0
7.4648,-2.4974,0
12.225,-5.4087,0
5.0978,-5.8857,0
20.041,-1.8163,0
8.0124,-3.814,0
7.0089,-4.8127,0
17.269,-5.16,0
4.2028,-1.0017,0
21.172,-0.97215,0
17.3,-3.9621,0
2.9274,0.27752,0
1.7628,4.9753,0
15.997,-0.041682,0
10.511,-6.2351,0
-0.54013,-0.65161,0
20.515,1.5641,0
12.106,-7.4856,0
6.7128,-6.6184,0
-2.0501,1.306,0
3.4949,-2.9672,0
2.6672,4.2064,0
3.9544,-0.37801,0
18.269,3.0641,0
9.1381,-3.0837,0
2.8759,1.4335,0
8.211,-7.8204,0
21.651,2.4856,0
19.944,4.6483,0
8.1413,-2.5623,0
8.6279,-2.4512,0
9.4345,-7.1144,0
14.656,-5.9767,0
7.459,-2.2585,0
17.233,3.8512,0
9.7281,-5.5293,0
13.189,-1.2692,0
17.976,0.93193,0
6.1388,-5.1868,0
-2.5307,4.4194,0
15.913,0.16522,0
9.4199,-4.1182,0
1.9179,-1.653,0
18.1,1.3118,0
1.1131,3.9494,0
1.7475,-0.064376,0
0.48201,2.8672,0
8.6381,-3.6875,0
10.835,-3.4269,0
19.809,2.0077,0
10.177,-3.59,0
20.574,-0.90966,0
10.404,-2.8749,0
-2.0245,0.8454,0
17.03,4.5604,0
20.462,-0.58699,0
2.3639,-2.3979,0
8.0245,-3.9092,0
7.8155,-5.4981,0
0.47901,0.97354,0
0.67061,0.090549,0
4.0131,-3.4969,0
15.57,-2.9923,0
18.04,2.2483,0
1.0263,-0.89171,0
21.565,2.2282,0
17.751,-5.1697,0
-0.36909,-2.1892,0
15.324,-5.5378,0
17.622,-2.6361,0
9.3907,-4.6712,0
8.5975,-6.0497,0
5.8365,-0.98522,0
12.311,-5.1928,0
17.866,1.1933,0
1.3608,2.8657,0
21.384,4.8727,0
0.90214,-1.407,0
9.68,-6.3575,0
19.624,2.0066,0
5.5093,-3.924,0
4.5048,-5.7414,0
15.409,-5.4218,0
9.2225,-7.5366,0
18.26,-4.108,0
-2.4421,3.7539,0
20.087,1.6948,0
19.776,1.0494,0
4.3866,-3.3279,0
15.411,-5.3713,0
20.839,4.4789,0
18.274,-2.4661,0
4.6683,-6.1016,0
4.1947,-1.2381,0
17.598,3.3953,0
14.304,-3.0643,0
0.11793,1.2972,0
9.2726,-7.2899,0
16.207,-5.0204,0
9.2916,-7.4042,0
17.793,-0.017736,0
3.9435,-5.1452,0
17.285,3.8184,0
14.692,-0.89893,0
3.954,1.0729,0
8.4741,-3.8443,0
13.986,-3.9315,0
16.261,0.47188,0
2.8634,-5.2483,0
17.052,-4.7826,0
12.026,-1.9431,0
19.228,-2.2006,0
15.531,-1.758,0
0.0020831,-0.68443,0
2.8746,0.66479,0
11.986,-5.3767,0
17.46,1.947,0
2.5922,4.0148,0
1.8466,4.2172,0
17.212,-3.3325,0
3.7068,-5.3748,0
16.508,-2.4571,0
8.7795,-3.2544,0
18.748,0.84787,0
3.7783,-3.8376,0
-0.16606,3.2335,0
4.806,-5.1857,0
17.065,0.063302,0
15.6,-4.1834,0
15.267,-4.7497,0
3.5667,0.63193,0
-0.35677,-0.72942,0
2.0959,2.1005,0
15.811,-6.4309,0
0.90554,4.2748,0
4.1694,-0.1667,0
11.733,-5.9946,0
2.6747,1.6858,0
19.833,3.3438,0
19.735,2.4842,0
2.7098,-4.2135,0
-0.56873,3.1738,0
9.8339,-7.3486,0
20.471,1.902,0
20.813,2.3648,0
18.34,-1.2758,0
1.7731,4.2752,0
5.6515,-6.2905,0
17.103,4.9867,0
2.5736,-1.4178,0
19.053,2.9349,0
3.4597,-1.1911,0
12.253,-5.4699,0
1.4281,2.6486,0
7.4965,-5.2255,0
13.875,-2.062,0
7.1577,-4.6273,0
1.9411,4.5608,0
19.152,2.8096,0
10.321,-4.5042,0
21.125,-1.0328,0
0.73027,-3.5978,0
-1.4005,2.6692,0
18.011,3.1103,0
21.573,4.9955,0
-1.3962,0.81509,0
13.653,-2.862,0
1.3944,-2.9831,0
7.8001,-4.6126,0
14.105,-2.6999,0
8.3615,-3.857,0
19.401,-1.4753,0
0.4495,4.7768,0
19.984,-2.2188,0
16.987,-1.1442,0
15.113,-3.2999,0
19.574,2.1964,0
17.251,1.8392,0
12.66,-3.9896,0
6.7207,-4.6651,0
4.2251,-2.7242,0
13.66,-7.2205,0
12.835,-3.4436,0
2.6116,-3.728,0
17.691,1.7164,0
17.602,-0.18647,0
6.8802,-5.7815,0
19.511,1.4151,0
-1.5943,2.6749,0
15.657,-3.2976,0
-0.60143,0.12705,0
17.325,2.7797,0
3.3268,2.8258,0
17.768,2.4507,0
6.6008,-5.3465,0
4.3711,-2.8256,0
1.8682,4.8531,0
17.867,-0.27082,0
9.0713,-2.1799,0
16.458,-4.7322,0
21.181,1.4973,0
12.349,-1.8684,0
4.7045,-5.8478,0
12.91,-4.7996,0
14.176,-2.3336,0
16.28,-2.0912,0
14.584,-1.4168,0
0.23856,-1.5113,0
-2.4329,3.2165,0
13.006,-3.6707,0
16.733,0.89595,0
2.1993,1.6337,0
